6,59
7,59
8,59
9,59
10,59
11,59
12,59
13,59
14,59
15,59
16,59
41,59
42,59
43,59
44,59
45,59
46,59
47,59
48,59
49,59
50,59
51,59
109,59
110,59
111,59
112,59
113,59
114,59
115,59
116,59
117,59
118,59
119,59
131,59
132,59
133,59
134,59
135,59
136,59
137,59
138,59
139,59
140,59
141,59
218,59
219,59
220,59
221,59
222,59
223,59
224,59
225,59
226,59
227,59
228,59
248,59
249,59
250,59
251,59
252,59
253,59
254,59
255,59
256,59
257,59
258,59
259,59
260,59
261,59
262,59
282,59
283,59
284,59
285,59
286,59
287,59
288,59
289,59
290,59
291,59
292,59
378,59
379,59
380,59
381,59
382,59
383,59
384,59
385,59
386,59
387,59
388,59
426,59
427,59
428,59
429,59
430,59
431,59
432,59
433,59
434,59
435,59
436,59
450,59
451,59
452,59
453,59
454,59
455,59
456,59
457,59
458,59
459,59
460,59
6,58
7,58
8,58
9,58
10,58
11,58
12,58
13,58
14,58
15,58
16,58
41,58
42,58
43,58
44,58
45,58
46,58
47,58
48,58
49,58
50,58
51,58
109,58
110,58
111,58
112,58
113,58
114,58
115,58
116,58
117,58
118,58
119,58
131,58
132,58
133,58
134,58
135,58
136,58
137,58
138,58
139,58
140,58
141,58
218,58
219,58
220,58
221,58
222,58
223,58
224,58
225,58
226,58
227,58
228,58
229,58
248,58
249,58
250,58
251,58
252,58
253,58
254,58
255,58
256,58
257,58
258,58
259,58
260,58
261,58
262,58
281,58
282,58
283,58
284,58
285,58
286,58
287,58
288,58
289,58
290,58
291,58
292,58
378,58
379,58
380,58
381,58
382,58
383,58
384,58
385,58
386,58
387,58
388,58
426,58
427,58
428,58
429,58
430,58
431,58
432,58
433,58
434,58
435,58
436,58
450,58
451,58
452,58
453,58
454,58
455,58
456,58
457,58
458,58
459,58
460,58
6,57
7,57
8,57
9,57
10,57
11,57
12,57
13,57
14,57
15,57
16,57
41,57
42,57
43,57
44,57
45,57
46,57
47,57
48,57
49,57
50,57
51,57
109,57
110,57
111,57
112,57
113,57
114,57
115,57
116,57
117,57
118,57
119,57
131,57
132,57
133,57
134,57
135,57
136,57
137,57
138,57
139,57
140,57
141,57
219,57
220,57
221,57
222,57
223,57
224,57
225,57
226,57
227,57
228,57
229,57
247,57
248,57
249,57
250,57
251,57
252,57
253,57
254,57
255,57
256,57
257,57
258,57
259,57
260,57
261,57
262,57
263,57
281,57
282,57
283,57
284,57
285,57
286,57
287,57
288,57
289,57
290,57
291,57
378,57
379,57
380,57
381,57
382,57
383,57
384,57
385,57
386,57
387,57
388,57
426,57
427,57
428,57
429,57
430,57
431,57
432,57
433,57
434,57
435,57
436,57
450,57
451,57
452,57
453,57
454,57
455,57
456,57
457,57
458,57
459,57
460,57
6,56
7,56
8,56
9,56
10,56
11,56
12,56
13,56
14,56
15,56
16,56
41,56
42,56
43,56
44,56
45,56
46,56
47,56
48,56
49,56
50,56
51,56
109,56
110,56
111,56
112,56
113,56
114,56
115,56
116,56
117,56
118,56
119,56
131,56
132,56
133,56
134,56
135,56
136,56
137,56
138,56
139,56
140,56
141,56
219,56
220,56
221,56
222,56
223,56
224,56
225,56
226,56
227,56
228,56
229,56
247,56
248,56
249,56
250,56
251,56
252,56
253,56
254,56
255,56
256,56
257,56
258,56
259,56
260,56
261,56
262,56
263,56
281,56
282,56
283,56
284,56
285,56
286,56
287,56
288,56
289,56
290,56
291,56
378,56
379,56
380,56
381,56
382,56
383,56
384,56
385,56
386,56
387,56
388,56
426,56
427,56
428,56
429,56
430,56
431,56
432,56
433,56
434,56
435,56
436,56
450,56
451,56
452,56
453,56
454,56
455,56
456,56
457,56
458,56
459,56
460,56
6,55
7,55
8,55
9,55
10,55
11,55
12,55
13,55
14,55
15,55
16,55
41,55
42,55
43,55
44,55
45,55
46,55
47,55
48,55
49,55
50,55
51,55
109,55
110,55
111,55
112,55
113,55
114,55
115,55
116,55
117,55
118,55
119,55
131,55
132,55
133,55
134,55
135,55
136,55
137,55
138,55
139,55
140,55
141,55
219,55
220,55
221,55
222,55
223,55
224,55
225,55
226,55
227,55
228,55
229,55
247,55
248,55
249,55
250,55
251,55
252,55
253,55
254,55
255,55
256,55
257,55
258,55
259,55
260,55
261,55
262,55
263,55
281,55
282,55
283,55
284,55
285,55
286,55
287,55
288,55
289,55
290,55
291,55
378,55
379,55
380,55
381,55
382,55
383,55
384,55
385,55
386,55
387,55
388,55
426,55
427,55
428,55
429,55
430,55
431,55
432,55
433,55
434,55
435,55
436,55
450,55
451,55
452,55
453,55
454,55
455,55
456,55
457,55
458,55
459,55
460,55
6,54
7,54
8,54
9,54
10,54
11,54
12,54
13,54
14,54
15,54
16,54
41,54
42,54
43,54
44,54
45,54
46,54
47,54
48,54
49,54
50,54
51,54
109,54
110,54
111,54
112,54
113,54
114,54
115,54
116,54
117,54
118,54
119,54
131,54
132,54
133,54
134,54
135,54
136,54
137,54
138,54
139,54
140,54
141,54
219,54
220,54
221,54
222,54
223,54
224,54
225,54
226,54
227,54
228,54
229,54
230,54
247,54
248,54
249,54
250,54
251,54
252,54
253,54
254,54
255,54
256,54
257,54
258,54
259,54
260,54
261,54
262,54
263,54
280,54
281,54
282,54
283,54
284,54
285,54
286,54
287,54
288,54
289,54
290,54
291,54
378,54
379,54
380,54
381,54
382,54
383,54
384,54
385,54
386,54
387,54
388,54
426,54
427,54
428,54
429,54
430,54
431,54
432,54
433,54
434,54
435,54
436,54
450,54
451,54
452,54
453,54
454,54
455,54
456,54
457,54
458,54
459,54
460,54
6,53
7,53
8,53
9,53
10,53
11,53
12,53
13,53
14,53
15,53
16,53
41,53
42,53
43,53
44,53
45,53
46,53
47,53
48,53
49,53
50,53
51,53
109,53
110,53
111,53
112,53
113,53
114,53
115,53
116,53
117,53
118,53
119,53
131,53
132,53
133,53
134,53
135,53
136,53
137,53
138,53
139,53
140,53
141,53
220,53
221,53
222,53
223,53
224,53
225,53
226,53
227,53
228,53
229,53
230,53
246,53
247,53
248,53
249,53
250,53
251,53
252,53
253,53
254,53
255,53
256,53
257,53
258,53
259,53
260,53
261,53
262,53
263,53
264,53
280,53
281,53
282,53
283,53
284,53
285,53
286,53
287,53
288,53
289,53
290,53
378,53
379,53
380,53
381,53
382,53
383,53
384,53
385,53
386,53
387,53
388,53
426,53
427,53
428,53
429,53
430,53
431,53
432,53
433,53
434,53
435,53
436,53
450,53
451,53
452,53
453,53
454,53
455,53
456,53
457,53
458,53
459,53
460,53
6,52
7,52
8,52
9,52
10,52
11,52
12,52
13,52
14,52
15,52
16,52
41,52
42,52
43,52
44,52
45,52
46,52
47,52
48,52
49,52
50,52
51,52
109,52
110,52
111,52
112,52
113,52
114,52
115,52
116,52
117,52
118,52
119,52
131,52
132,52
133,52
134,52
135,52
136,52
137,52
138,52
139,52
140,52
141,52
220,52
221,52
222,52
223,52
224,52
225,52
226,52
227,52
228,52
229,52
230,52
246,52
247,52
248,52
249,52
250,52
251,52
252,52
253,52
254,52
255,52
256,52
257,52
258,52
259,52
260,52
261,52
262,52
263,52
264,52
280,52
281,52
282,52
283,52
284,52
285,52
286,52
287,52
288,52
289,52
290,52
378,52
379,52
380,52
381,52
382,52
383,52
384,52
385,52
386,52
387,52
388,52
426,52
427,52
428,52
429,52
430,52
431,52
432,52
433,52
434,52
435,52
436,52
450,52
451,52
452,52
453,52
454,52
455,52
456,52
457,52
458,52
459,52
460,52
6,51
7,51
8,51
9,51
10,51
11,51
12,51
13,51
14,51
15,51
16,51
41,51
42,51
43,51
44,51
45,51
46,51
47,51
48,51
49,51
50,51
51,51
109,51
110,51
111,51
112,51
113,51
114,51
115,51
116,51
117,51
118,51
119,51
131,51
132,51
133,51
134,51
135,51
136,51
137,51
138,51
139,51
140,51
141,51
220,51
221,51
222,51
223,51
224,51
225,51
226,51
227,51
228,51
229,51
230,51
246,51
247,51
248,51
249,51
250,51
251,51
252,51
253,51
254,51
255,51
256,51
257,51
258,51
259,51
260,51
261,51
262,51
263,51
264,51
280,51
281,51
282,51
283,51
284,51
285,51
286,51
287,51
288,51
289,51
290,51
378,51
379,51
380,51
381,51
382,51
383,51
384,51
385,51
386,51
387,51
388,51
426,51
427,51
428,51
429,51
430,51
431,51
432,51
433,51
434,51
435,51
436,51
450,51
451,51
452,51
453,51
454,51
455,51
456,51
457,51
458,51
459,51
460,51
6,50
7,50
8,50
9,50
10,50
11,50
12,50
13,50
14,50
15,50
16,50
41,50
42,50
43,50
44,50
45,50
46,50
47,50
48,50
49,50
50,50
51,50
109,50
110,50
111,50
112,50
113,50
114,50
115,50
116,50
117,50
118,50
119,50
131,50
132,50
133,50
134,50
135,50
136,50
137,50
138,50
139,50
140,50
141,50
220,50
221,50
222,50
223,50
224,50
225,50
226,50
227,50
228,50
229,50
230,50
246,50
247,50
248,50
249,50
250,50
251,50
252,50
253,50
254,50
255,50
256,50
257,50
258,50
259,50
260,50
261,50
262,50
263,50
264,50
280,50
281,50
282,50
283,50
284,50
285,50
286,50
287,50
288,50
289,50
290,50
378,50
379,50
380,50
381,50
382,50
383,50
384,50
385,50
386,50
387,50
388,50
426,50
427,50
428,50
429,50
430,50
431,50
432,50
433,50
434,50
435,50
436,50
450,50
451,50
452,50
453,50
454,50
455,50
456,50
457,50
458,50
459,50
460,50
6,49
7,49
8,49
9,49
10,49
11,49
12,49
13,49
14,49
15,49
16,49
41,49
42,49
43,49
44,49
45,49
46,49
47,49
48,49
49,49
50,49
51,49
109,49
110,49
111,49
112,49
113,49
114,49
115,49
116,49
117,49
118,49
119,49
131,49
132,49
133,49
134,49
135,49
136,49
137,49
138,49
139,49
140,49
141,49
221,49
222,49
223,49
224,49
225,49
226,49
227,49
228,49
229,49
230,49
231,49
246,49
247,49
248,49
249,49
250,49
251,49
252,49
253,49
254,49
255,49
256,49
257,49
258,49
259,49
260,49
261,49
262,49
263,49
264,49
279,49
280,49
281,49
282,49
283,49
284,49
285,49
286,49
287,49
288,49
289,49
378,49
379,49
380,49
381,49
382,49
383,49
384,49
385,49
386,49
387,49
388,49
426,49
427,49
428,49
429,49
430,49
431,49
432,49
433,49
434,49
435,49
436,49
450,49
451,49
452,49
453,49
454,49
455,49
456,49
457,49
458,49
459,49
460,49
6,48
7,48
8,48
9,48
10,48
11,48
12,48
13,48
14,48
15,48
16,48
41,48
42,48
43,48
44,48
45,48
46,48
47,48
48,48
49,48
50,48
51,48
109,48
110,48
111,48
112,48
113,48
114,48
115,48
116,48
117,48
118,48
119,48
131,48
132,48
133,48
134,48
135,48
136,48
137,48
138,48
139,48
140,48
141,48
221,48
222,48
223,48
224,48
225,48
226,48
227,48
228,48
229,48
230,48
231,48
245,48
246,48
247,48
248,48
249,48
250,48
251,48
252,48
253,48
254,48
255,48
256,48
257,48
258,48
259,48
260,48
261,48
262,48
263,48
264,48
265,48
279,48
280,48
281,48
282,48
283,48
284,48
285,48
286,48
287,48
288,48
289,48
378,48
379,48
380,48
381,48
382,48
383,48
384,48
385,48
386,48
387,48
388,48
426,48
427,48
428,48
429,48
430,48
431,48
432,48
433,48
434,48
435,48
436,48
450,48
451,48
452,48
453,48
454,48
455,48
456,48
457,48
458,48
459,48
460,48
6,47
7,47
8,47
9,47
10,47
11,47
12,47
13,47
14,47
15,47
16,47
41,47
42,47
43,47
44,47
45,47
46,47
47,47
48,47
49,47
50,47
51,47
109,47
110,47
111,47
112,47
113,47
114,47
115,47
116,47
117,47
118,47
119,47
131,47
132,47
133,47
134,47
135,47
136,47
137,47
138,47
139,47
140,47
141,47
221,47
222,47
223,47
224,47
225,47
226,47
227,47
228,47
229,47
230,47
231,47
245,47
246,47
247,47
248,47
249,47
250,47
251,47
252,47
253,47
254,47
255,47
256,47
257,47
258,47
259,47
260,47
261,47
262,47
263,47
264,47
265,47
279,47
280,47
281,47
282,47
283,47
284,47
285,47
286,47
287,47
288,47
289,47
378,47
379,47
380,47
381,47
382,47
383,47
384,47
385,47
386,47
387,47
388,47
426,47
427,47
428,47
429,47
430,47
431,47
432,47
433,47
434,47
435,47
436,47
450,47
451,47
452,47
453,47
454,47
455,47
456,47
457,47
458,47
459,47
460,47
6,46
7,46
8,46
9,46
10,46
11,46
12,46
13,46
14,46
15,46
16,46
41,46
42,46
43,46
44,46
45,46
46,46
47,46
48,46
49,46
50,46
51,46
109,46
110,46
111,46
112,46
113,46
114,46
115,46
116,46
117,46
118,46
119,46
131,46
132,46
133,46
134,46
135,46
136,46
137,46
138,46
139,46
140,46
141,46
221,46
222,46
223,46
224,46
225,46
226,46
227,46
228,46
229,46
230,46
231,46
245,46
246,46
247,46
248,46
249,46
250,46
251,46
252,46
253,46
254,46
255,46
256,46
257,46
258,46
259,46
260,46
261,46
262,46
263,46
264,46
265,46
279,46
280,46
281,46
282,46
283,46
284,46
285,46
286,46
287,46
288,46
289,46
378,46
379,46
380,46
381,46
382,46
383,46
384,46
385,46
386,46
387,46
388,46
426,46
427,46
428,46
429,46
430,46
431,46
432,46
433,46
434,46
435,46
436,46
450,46
451,46
452,46
453,46
454,46
455,46
456,46
457,46
458,46
459,46
460,46
6,45
7,45
8,45
9,45
10,45
11,45
12,45
13,45
14,45
15,45
16,45
41,45
42,45
43,45
44,45
45,45
46,45
47,45
48,45
49,45
50,45
51,45
109,45
110,45
111,45
112,45
113,45
114,45
115,45
116,45
117,45
118,45
119,45
131,45
132,45
133,45
134,45
135,45
136,45
137,45
138,45
139,45
140,45
141,45
222,45
223,45
224,45
225,45
226,45
227,45
228,45
229,45
230,45
231,45
232,45
245,45
246,45
247,45
248,45
249,45
250,45
251,45
252,45
253,45
254,45
255,45
256,45
257,45
258,45
259,45
260,45
261,45
262,45
263,45
264,45
265,45
278,45
279,45
280,45
281,45
282,45
283,45
284,45
285,45
286,45
287,45
288,45
378,45
379,45
380,45
381,45
382,45
383,45
384,45
385,45
386,45
387,45
388,45
426,45
427,45
428,45
429,45
430,45
431,45
432,45
433,45
434,45
435,45
436,45
450,45
451,45
452,45
453,45
454,45
455,45
456,45
457,45
458,45
459,45
460,45
6,44
7,44
8,44
9,44
10,44
11,44
12,44
13,44
14,44
15,44
16,44
41,44
42,44
43,44
44,44
45,44
46,44
47,44
48,44
49,44
50,44
51,44
76,44
77,44
78,44
79,44
80,44
81,44
82,44
83,44
84,44
109,44
110,44
111,44
112,44
113,44
114,44
115,44
116,44
117,44
118,44
119,44
131,44
132,44
133,44
134,44
135,44
136,44
137,44
138,44
139,44
140,44
141,44
166,44
167,44
168,44
169,44
170,44
171,44
172,44
173,44
174,44
175,44
222,44
223,44
224,44
225,44
226,44
227,44
228,44
229,44
230,44
231,44
232,44
244,44
245,44
246,44
247,44
248,44
249,44
250,44
251,44
252,44
253,44
254,44
256,44
257,44
258,44
259,44
260,44
261,44
262,44
263,44
264,44
265,44
266,44
278,44
279,44
280,44
281,44
282,44
283,44
284,44
285,44
286,44
287,44
288,44
311,44
312,44
313,44
314,44
315,44
316,44
317,44
318,44
319,44
320,44
364,44
365,44
366,44
367,44
368,44
369,44
378,44
379,44
380,44
381,44
382,44
383,44
384,44
385,44
386,44
387,44
388,44
410,44
411,44
412,44
413,44
414,44
415,44
416,44
417,44
426,44
427,44
428,44
429,44
430,44
431,44
432,44
433,44
434,44
435,44
436,44
450,44
451,44
452,44
453,44
454,44
455,44
456,44
457,44
458,44
459,44
460,44
6,43
7,43
8,43
9,43
10,43
11,43
12,43
13,43
14,43
15,43
16,43
41,43
42,43
43,43
44,43
45,43
46,43
47,43
48,43
49,43
50,43
51,43
72,43
73,43
74,43
75,43
76,43
77,43
78,43
79,43
80,43
81,43
82,43
83,43
84,43
85,43
86,43
87,43
109,43
110,43
111,43
112,43
113,43
114,43
115,43
116,43
117,43
118,43
119,43
131,43
132,43
133,43
134,43
135,43
136,43
137,43
138,43
139,43
140,43
141,43
163,43
164,43
165,43
166,43
167,43
168,43
169,43
170,43
171,43
172,43
173,43
174,43
175,43
176,43
177,43
178,43
179,43
222,43
223,43
224,43
225,43
226,43
227,43
228,43
229,43
230,43
231,43
232,43
244,43
245,43
246,43
247,43
248,43
249,43
250,43
251,43
252,43
253,43
254,43
256,43
257,43
258,43
259,43
260,43
261,43
262,43
263,43
264,43
265,43
266,43
278,43
279,43
280,43
281,43
282,43
283,43
284,43
285,43
286,43
287,43
288,43
308,43
309,43
310,43
311,43
312,43
313,43
314,43
315,43
316,43
317,43
318,43
319,43
320,43
321,43
322,43
323,43
324,43
347,43
348,43
349,43
350,43
351,43
352,43
353,43
354,43
355,43
356,43
357,43
362,43
363,43
364,43
365,43
366,43
367,43
368,43
369,43
370,43
371,43
378,43
379,43
380,43
381,43
382,43
383,43
384,43
385,43
386,43
387,43
388,43
407,43
408,43
409,43
410,43
411,43
412,43
413,43
414,43
415,43
416,43
417,43
418,43
419,43
420,43
426,43
427,43
428,43
429,43
430,43
431,43
432,43
433,43
434,43
435,43
436,43
450,43
451,43
452,43
453,43
454,43
455,43
456,43
457,43
458,43
459,43
460,43
6,42
7,42
8,42
9,42
10,42
11,42
12,42
13,42
14,42
15,42
16,42
41,42
42,42
43,42
44,42
45,42
46,42
47,42
48,42
49,42
50,42
51,42
71,42
72,42
73,42
74,42
75,42
76,42
77,42
78,42
79,42
80,42
81,42
82,42
83,42
84,42
85,42
86,42
87,42
88,42
89,42
109,42
110,42
111,42
112,42
113,42
114,42
115,42
116,42
117,42
118,42
119,42
131,42
132,42
133,42
134,42
135,42
136,42
137,42
138,42
139,42
140,42
141,42
161,42
162,42
163,42
164,42
165,42
166,42
167,42
168,42
169,42
170,42
171,42
172,42
173,42
174,42
175,42
176,42
177,42
178,42
179,42
180,42
181,42
222,42
223,42
224,42
225,42
226,42
227,42
228,42
229,42
230,42
231,42
232,42
244,42
245,42
246,42
247,42
248,42
249,42
250,42
251,42
252,42
253,42
254,42
256,42
257,42
258,42
259,42
260,42
261,42
262,42
263,42
264,42
265,42
266,42
278,42
279,42
280,42
281,42
282,42
283,42
284,42
285,42
286,42
287,42
288,42
306,42
307,42
308,42
309,42
310,42
311,42
312,42
313,42
314,42
315,42
316,42
317,42
318,42
319,42
320,42
321,42
322,42
323,42
324,42
325,42
326,42
347,42
348,42
349,42
350,42
351,42
352,42
353,42
354,42
355,42
356,42
357,42
361,42
362,42
363,42
364,42
365,42
366,42
367,42
368,42
369,42
370,42
371,42
372,42
378,42
379,42
380,42
381,42
382,42
383,42
384,42
385,42
386,42
387,42
388,42
405,42
406,42
407,42
408,42
409,42
410,42
411,42
412,42
413,42
414,42
415,42
416,42
417,42
418,42
419,42
420,42
421,42
426,42
427,42
428,42
429,42
430,42
431,42
432,42
433,42
434,42
435,42
436,42
450,42
451,42
452,42
453,42
454,42
455,42
456,42
457,42
458,42
459,42
460,42
6,41
7,41
8,41
9,41
10,41
11,41
12,41
13,41
14,41
15,41
16,41
41,41
42,41
43,41
44,41
45,41
46,41
47,41
48,41
49,41
50,41
51,41
69,41
70,41
71,41
72,41
73,41
74,41
75,41
76,41
77,41
78,41
79,41
80,41
81,41
82,41
83,41
84,41
85,41
86,41
87,41
88,41
89,41
90,41
91,41
109,41
110,41
111,41
112,41
113,41
114,41
115,41
116,41
117,41
118,41
119,41
131,41
132,41
133,41
134,41
135,41
136,41
137,41
138,41
139,41
140,41
141,41
159,41
160,41
161,41
162,41
163,41
164,41
165,41
166,41
167,41
168,41
169,41
170,41
171,41
172,41
173,41
174,41
175,41
176,41
177,41
178,41
179,41
180,41
181,41
182,41
183,41
223,41
224,41
225,41
226,41
227,41
228,41
229,41
230,41
231,41
232,41
233,41
244,41
245,41
246,41
247,41
248,41
249,41
250,41
251,41
252,41
253,41
254,41
256,41
257,41
258,41
259,41
260,41
261,41
262,41
263,41
264,41
265,41
266,41
277,41
278,41
279,41
280,41
281,41
282,41
283,41
284,41
285,41
286,41
287,41
304,41
305,41
306,41
307,41
308,41
309,41
310,41
311,41
312,41
313,41
314,41
315,41
316,41
317,41
318,41
319,41
320,41
321,41
322,41
323,41
324,41
325,41
326,41
327,41
328,41
347,41
348,41
349,41
350,41
351,41
352,41
353,41
354,41
355,41
356,41
357,41
360,41
361,41
362,41
363,41
364,41
365,41
366,41
367,41
368,41
369,41
370,41
371,41
372,41
378,41
379,41
380,41
381,41
382,41
383,41
384,41
385,41
386,41
387,41
388,41
404,41
405,41
406,41
407,41
408,41
409,41
410,41
411,41
412,41
413,41
414,41
415,41
416,41
417,41
418,41
419,41
420,41
421,41
422,41
423,41
426,41
427,41
428,41
429,41
430,41
431,41
432,41
433,41
434,41
435,41
436,41
450,41
451,41
452,41
453,41
454,41
455,41
456,41
457,41
458,41
459,41
460,41
6,40
7,40
8,40
9,40
10,40
11,40
12,40
13,40
14,40
15,40
16,40
41,40
42,40
43,40
44,40
45,40
46,40
47,40
48,40
49,40
50,40
51,40
68,40
69,40
70,40
71,40
72,40
73,40
74,40
75,40
76,40
77,40
78,40
79,40
80,40
81,40
82,40
83,40
84,40
85,40
86,40
87,40
88,40
89,40
90,40
91,40
92,40
109,40
110,40
111,40
112,40
113,40
114,40
115,40
116,40
117,40
118,40
119,40
131,40
132,40
133,40
134,40
135,40
136,40
137,40
138,40
139,40
140,40
141,40
158,40
159,40
160,40
161,40
162,40
163,40
164,40
165,40
166,40
167,40
168,40
169,40
170,40
171,40
172,40
173,40
174,40
175,40
176,40
177,40
178,40
179,40
180,40
181,40
182,40
183,40
184,40
223,40
224,40
225,40
226,40
227,40
228,40
229,40
230,40
231,40
232,40
233,40
243,40
244,40
245,40
246,40
247,40
248,40
249,40
250,40
251,40
252,40
253,40
257,40
258,40
259,40
260,40
261,40
262,40
263,40
264,40
265,40
266,40
267,40
277,40
278,40
279,40
280,40
281,40
282,40
283,40
284,40
285,40
286,40
287,40
303,40
304,40
305,40
306,40
307,40
308,40
309,40
310,40
311,40
312,40
313,40
314,40
315,40
316,40
317,40
318,40
319,40
320,40
321,40
322,40
323,40
324,40
325,40
326,40
327,40
328,40
329,40
347,40
348,40
349,40
350,40
351,40
352,40
353,40
354,40
355,40
356,40
357,40
359,40
360,40
361,40
362,40
363,40
364,40
365,40
366,40
367,40
368,40
369,40
370,40
371,40
378,40
379,40
380,40
381,40
382,40
383,40
384,40
385,40
386,40
387,40
388,40
403,40
404,40
405,40
406,40
407,40
408,40
409,40
410,40
411,40
412,40
413,40
414,40
415,40
416,40
417,40
418,40
419,40
420,40
421,40
422,40
423,40
424,40
426,40
427,40
428,40
429,40
430,40
431,40
432,40
433,40
434,40
435,40
436,40
451,40
452,40
453,40
454,40
455,40
456,40
457,40
458,40
459,40
6,39
7,39
8,39
9,39
10,39
11,39
12,39
13,39
14,39
15,39
16,39
41,39
42,39
43,39
44,39
45,39
46,39
47,39
48,39
49,39
50,39
51,39
67,39
68,39
69,39
70,39
71,39
72,39
73,39
74,39
75,39
76,39
77,39
78,39
79,39
80,39
81,39
82,39
83,39
84,39
85,39
86,39
87,39
88,39
89,39
90,39
91,39
92,39
93,39
109,39
110,39
111,39
112,39
113,39
114,39
115,39
116,39
117,39
118,39
119,39
131,39
132,39
133,39
134,39
135,39
136,39
137,39
138,39
139,39
140,39
141,39
157,39
158,39
159,39
160,39
161,39
162,39
163,39
164,39
165,39
166,39
167,39
168,39
169,39
170,39
171,39
172,39
173,39
174,39
175,39
176,39
177,39
178,39
179,39
180,39
181,39
182,39
183,39
184,39
185,39
223,39
224,39
225,39
226,39
227,39
228,39
229,39
230,39
231,39
232,39
233,39
243,39
244,39
245,39
246,39
247,39
248,39
249,39
250,39
251,39
252,39
253,39
257,39
258,39
259,39
260,39
261,39
262,39
263,39
264,39
265,39
266,39
267,39
277,39
278,39
279,39
280,39
281,39
282,39
283,39
284,39
285,39
286,39
287,39
302,39
303,39
304,39
305,39
306,39
307,39
308,39
309,39
310,39
311,39
312,39
313,39
314,39
315,39
316,39
317,39
318,39
319,39
320,39
321,39
322,39
323,39
324,39
325,39
326,39
327,39
328,39
329,39
330,39
347,39
348,39
349,39
350,39
351,39
352,39
353,39
354,39
355,39
356,39
357,39
359,39
360,39
361,39
362,39
363,39
364,39
365,39
366,39
367,39
368,39
369,39
370,39
371,39
378,39
379,39
380,39
381,39
382,39
383,39
384,39
385,39
386,39
387,39
388,39
402,39
403,39
404,39
405,39
406,39
407,39
408,39
409,39
410,39
411,39
412,39
413,39
414,39
415,39
416,39
417,39
418,39
419,39
420,39
421,39
422,39
423,39
424,39
425,39
426,39
427,39
428,39
429,39
430,39
431,39
432,39
433,39
434,39
435,39
436,39
451,39
452,39
453,39
454,39
455,39
456,39
457,39
458,39
459,39
6,38
7,38
8,38
9,38
10,38
11,38
12,38
13,38
14,38
15,38
16,38
41,38
42,38
43,38
44,38
45,38
46,38
47,38
48,38
49,38
50,38
51,38
66,38
67,38
68,38
69,38
70,38
71,38
72,38
73,38
74,38
75,38
76,38
77,38
78,38
79,38
80,38
81,38
82,38
83,38
84,38
85,38
86,38
87,38
88,38
89,38
90,38
91,38
92,38
93,38
94,38
109,38
110,38
111,38
112,38
113,38
114,38
115,38
116,38
117,38
118,38
119,38
131,38
132,38
133,38
134,38
135,38
136,38
137,38
138,38
139,38
140,38
141,38
156,38
157,38
158,38
159,38
160,38
161,38
162,38
163,38
164,38
165,38
166,38
167,38
168,38
169,38
170,38
171,38
172,38
173,38
174,38
175,38
176,38
177,38
178,38
179,38
180,38
181,38
182,38
183,38
184,38
185,38
186,38
223,38
224,38
225,38
226,38
227,38
228,38
229,38
230,38
231,38
232,38
233,38
243,38
244,38
245,38
246,38
247,38
248,38
249,38
250,38
251,38
252,38
253,38
257,38
258,38
259,38
260,38
261,38
262,38
263,38
264,38
265,38
266,38
267,38
277,38
278,38
279,38
280,38
281,38
282,38
283,38
284,38
285,38
286,38
287,38
301,38
302,38
303,38
304,38
305,38
306,38
307,38
308,38
309,38
310,38
311,38
312,38
313,38
314,38
315,38
316,38
317,38
318,38
319,38
320,38
321,38
322,38
323,38
324,38
325,38
326,38
327,38
328,38
329,38
330,38
331,38
347,38
348,38
349,38
350,38
351,38
352,38
353,38
354,38
355,38
356,38
357,38
358,38
359,38
360,38
361,38
362,38
363,38
364,38
365,38
366,38
367,38
368,38
369,38
370,38
371,38
378,38
379,38
380,38
381,38
382,38
383,38
384,38
385,38
386,38
387,38
388,38
401,38
402,38
403,38
404,38
405,38
406,38
407,38
408,38
409,38
410,38
411,38
412,38
413,38
414,38
415,38
416,38
417,38
418,38
419,38
420,38
421,38
422,38
423,38
424,38
425,38
426,38
427,38
428,38
429,38
430,38
431,38
432,38
433,38
434,38
435,38
436,38
451,38
452,38
453,38
454,38
455,38
456,38
457,38
458,38
459,38
6,37
7,37
8,37
9,37
10,37
11,37
12,37
13,37
14,37
15,37
16,37
41,37
42,37
43,37
44,37
45,37
46,37
47,37
48,37
49,37
50,37
51,37
65,37
66,37
67,37
68,37
69,37
70,37
71,37
72,37
73,37
74,37
75,37
76,37
77,37
78,37
79,37
80,37
81,37
82,37
83,37
84,37
85,37
86,37
87,37
88,37
89,37
90,37
91,37
92,37
93,37
94,37
95,37
109,37
110,37
111,37
112,37
113,37
114,37
115,37
116,37
117,37
118,37
119,37
131,37
132,37
133,37
134,37
135,37
136,37
137,37
138,37
139,37
140,37
141,37
155,37
156,37
157,37
158,37
159,37
160,37
161,37
162,37
163,37
164,37
165,37
166,37
167,37
168,37
169,37
170,37
171,37
172,37
173,37
174,37
175,37
176,37
177,37
178,37
179,37
180,37
181,37
182,37
183,37
184,37
185,37
186,37
187,37
224,37
225,37
226,37
227,37
228,37
229,37
230,37
231,37
232,37
233,37
243,37
244,37
245,37
246,37
247,37
248,37
249,37
250,37
251,37
252,37
253,37
257,37
258,37
259,37
260,37
261,37
262,37
263,37
264,37
265,37
266,37
267,37
277,37
278,37
279,37
280,37
281,37
282,37
283,37
284,37
285,37
286,37
300,37
301,37
302,37
303,37
304,37
305,37
306,37
307,37
308,37
309,37
310,37
311,37
312,37
313,37
314,37
315,37
316,37
317,37
318,37
319,37
320,37
321,37
322,37
323,37
324,37
325,37
326,37
327,37
328,37
329,37
330,37
331,37
332,37
347,37
348,37
349,37
350,37
351,37
352,37
353,37
354,37
355,37
356,37
357,37
358,37
359,37
360,37
361,37
362,37
363,37
364,37
365,37
366,37
367,37
368,37
369,37
370,37
371,37
378,37
379,37
380,37
381,37
382,37
383,37
384,37
385,37
386,37
387,37
388,37
400,37
401,37
402,37
403,37
404,37
405,37
406,37
407,37
408,37
409,37
410,37
411,37
412,37
413,37
414,37
415,37
416,37
417,37
418,37
419,37
420,37
421,37
422,37
423,37
424,37
425,37
426,37
427,37
428,37
429,37
430,37
431,37
432,37
433,37
434,37
435,37
436,37
451,37
452,37
453,37
454,37
455,37
456,37
457,37
458,37
459,37
6,36
7,36
8,36
9,36
10,36
11,36
12,36
13,36
14,36
15,36
16,36
17,36
18,36
19,36
20,36
21,36
22,36
23,36
24,36
25,36
26,36
27,36
28,36
29,36
30,36
31,36
32,36
33,36
34,36
35,36
36,36
37,36
38,36
39,36
40,36
41,36
42,36
43,36
44,36
45,36
46,36
47,36
48,36
49,36
50,36
51,36
64,36
65,36
66,36
67,36
68,36
69,36
70,36
71,36
72,36
73,36
74,36
75,36
76,36
77,36
83,36
84,36
85,36
86,36
87,36
88,36
89,36
90,36
91,36
92,36
93,36
94,36
95,36
96,36
109,36
110,36
111,36
112,36
113,36
114,36
115,36
116,36
117,36
118,36
119,36
131,36
132,36
133,36
134,36
135,36
136,36
137,36
138,36
139,36
140,36
141,36
154,36
155,36
156,36
157,36
158,36
159,36
160,36
161,36
162,36
163,36
164,36
165,36
166,36
167,36
175,36
176,36
177,36
178,36
179,36
180,36
181,36
182,36
183,36
184,36
185,36
186,36
187,36
188,36
224,36
225,36
226,36
227,36
228,36
229,36
230,36
231,36
232,36
233,36
234,36
242,36
243,36
244,36
245,36
246,36
247,36
248,36
249,36
250,36
251,36
252,36
258,36
259,36
260,36
261,36
262,36
263,36
264,36
265,36
266,36
267,36
268,36
276,36
277,36
278,36
279,36
280,36
281,36
282,36
283,36
284,36
285,36
286,36
299,36
300,36
301,36
302,36
303,36
304,36
305,36
306,36
307,36
308,36
309,36
310,36
311,36
312,36
320,36
321,36
322,36
323,36
324,36
325,36
326,36
327,36
328,36
329,36
330,36
331,36
332,36
333,36
347,36
348,36
349,36
350,36
351,36
352,36
353,36
354,36
355,36
356,36
357,36
358,36
359,36
360,36
361,36
362,36
363,36
364,36
365,36
366,36
367,36
368,36
369,36
370,36
371,36
378,36
379,36
380,36
381,36
382,36
383,36
384,36
385,36
386,36
387,36
388,36
400,36
401,36
402,36
403,36
404,36
405,36
406,36
407,36
408,36
409,36
410,36
411,36
412,36
413,36
420,36
421,36
422,36
423,36
424,36
425,36
426,36
427,36
428,36
429,36
430,36
431,36
432,36
433,36
434,36
435,36
436,36
451,36
452,36
453,36
454,36
455,36
456,36
457,36
458,36
459,36
6,35
7,35
8,35
9,35
10,35
11,35
12,35
13,35
14,35
15,35
16,35
17,35
18,35
19,35
20,35
21,35
22,35
23,35
24,35
25,35
26,35
27,35
28,35
29,35
30,35
31,35
32,35
33,35
34,35
35,35
36,35
37,35
38,35
39,35
40,35
41,35
42,35
43,35
44,35
45,35
46,35
47,35
48,35
49,35
50,35
51,35
64,35
65,35
66,35
67,35
68,35
69,35
70,35
71,35
72,35
73,35
74,35
75,35
85,35
86,35
87,35
88,35
89,35
90,35
91,35
92,35
93,35
94,35
95,35
96,35
109,35
110,35
111,35
112,35
113,35
114,35
115,35
116,35
117,35
118,35
119,35
131,35
132,35
133,35
134,35
135,35
136,35
137,35
138,35
139,35
140,35
141,35
153,35
154,35
155,35
156,35
157,35
158,35
159,35
160,35
161,35
162,35
163,35
164,35
165,35
177,35
178,35
179,35
180,35
181,35
182,35
183,35
184,35
185,35
186,35
187,35
188,35
189,35
224,35
225,35
226,35
227,35
228,35
229,35
230,35
231,35
232,35
233,35
234,35
242,35
243,35
244,35
245,35
246,35
247,35
248,35
249,35
250,35
251,35
252,35
258,35
259,35
260,35
261,35
262,35
263,35
264,35
265,35
266,35
267,35
268,35
276,35
277,35
278,35
279,35
280,35
281,35
282,35
283,35
284,35
285,35
286,35
298,35
299,35
300,35
301,35
302,35
303,35
304,35
305,35
306,35
307,35
308,35
309,35
310,35
322,35
323,35
324,35
325,35
326,35
327,35
328,35
329,35
330,35
331,35
332,35
333,35
334,35
347,35
348,35
349,35
350,35
351,35
352,35
353,35
354,35
355,35
356,35
357,35
358,35
359,35
360,35
361,35
362,35
363,35
364,35
365,35
366,35
367,35
368,35
369,35
370,35
378,35
379,35
380,35
381,35
382,35
383,35
384,35
385,35
386,35
387,35
388,35
399,35
400,35
401,35
402,35
403,35
404,35
405,35
406,35
407,35
408,35
409,35
410,35
411,35
422,35
423,35
424,35
425,35
426,35
427,35
428,35
429,35
430,35
431,35
432,35
433,35
434,35
435,35
436,35
451,35
452,35
453,35
454,35
455,35
456,35
457,35
458,35
459,35
6,34
7,34
8,34
9,34
10,34
11,34
12,34
13,34
14,34
15,34
16,34
17,34
18,34
19,34
20,34
21,34
22,34
23,34
24,34
25,34
26,34
27,34
28,34
29,34
30,34
31,34
32,34
33,34
34,34
35,34
36,34
37,34
38,34
39,34
40,34
41,34
42,34
43,34
44,34
45,34
46,34
47,34
48,34
49,34
50,34
51,34
63,34
64,34
65,34
66,34
67,34
68,34
69,34
70,34
71,34
72,34
73,34
74,34
86,34
87,34
88,34
89,34
90,34
91,34
92,34
93,34
94,34
95,34
96,34
97,34
109,34
110,34
111,34
112,34
113,34
114,34
115,34
116,34
117,34
118,34
119,34
131,34
132,34
133,34
134,34
135,34
136,34
137,34
138,34
139,34
140,34
141,34
153,34
154,34
155,34
156,34
157,34
158,34
159,34
160,34
161,34
162,34
163,34
164,34
178,34
179,34
180,34
181,34
182,34
183,34
184,34
185,34
186,34
187,34
188,34
189,34
224,34
225,34
226,34
227,34
228,34
229,34
230,34
231,34
232,34
233,34
234,34
242,34
243,34
244,34
245,34
246,34
247,34
248,34
249,34
250,34
251,34
252,34
258,34
259,34
260,34
261,34
262,34
263,34
264,34
265,34
266,34
267,34
268,34
276,34
277,34
278,34
279,34
280,34
281,34
282,34
283,34
284,34
285,34
286,34
298,34
299,34
300,34
301,34
302,34
303,34
304,34
305,34
306,34
307,34
308,34
309,34
323,34
324,34
325,34
326,34
327,34
328,34
329,34
330,34
331,34
332,34
333,34
334,34
347,34
348,34
349,34
350,34
351,34
352,34
353,34
354,34
355,34
356,34
357,34
358,34
359,34
360,34
361,34
362,34
363,34
364,34
365,34
366,34
367,34
368,34
369,34
370,34
378,34
379,34
380,34
381,34
382,34
383,34
384,34
385,34
386,34
387,34
388,34
399,34
400,34
401,34
402,34
403,34
404,34
405,34
406,34
407,34
408,34
409,34
410,34
423,34
424,34
425,34
426,34
427,34
428,34
429,34
430,34
431,34
432,34
433,34
434,34
435,34
436,34
451,34
452,34
453,34
454,34
455,34
456,34
457,34
458,34
459,34
6,33
7,33
8,33
9,33
10,33
11,33
12,33
13,33
14,33
15,33
16,33
17,33
18,33
19,33
20,33
21,33
22,33
23,33
24,33
25,33
26,33
27,33
28,33
29,33
30,33
31,33
32,33
33,33
34,33
35,33
36,33
37,33
38,33
39,33
40,33
41,33
42,33
43,33
44,33
45,33
46,33
47,33
48,33
49,33
50,33
51,33
63,33
64,33
65,33
66,33
67,33
68,33
69,33
70,33
71,33
72,33
73,33
87,33
88,33
89,33
90,33
91,33
92,33
93,33
94,33
95,33
96,33
97,33
109,33
110,33
111,33
112,33
113,33
114,33
115,33
116,33
117,33
118,33
119,33
131,33
132,33
133,33
134,33
135,33
136,33
137,33
138,33
139,33
140,33
141,33
152,33
153,33
154,33
155,33
156,33
157,33
158,33
159,33
160,33
161,33
162,33
163,33
179,33
180,33
181,33
182,33
183,33
184,33
185,33
186,33
187,33
188,33
189,33
190,33
225,33
226,33
227,33
228,33
229,33
230,33
231,33
232,33
233,33
234,33
242,33
243,33
244,33
245,33
246,33
247,33
248,33
249,33
250,33
251,33
252,33
258,33
259,33
260,33
261,33
262,33
263,33
264,33
265,33
266,33
267,33
268,33
276,33
277,33
278,33
279,33
280,33
281,33
282,33
283,33
284,33
285,33
286,33
297,33
298,33
299,33
300,33
301,33
302,33
303,33
304,33
305,33
306,33
307,33
308,33
324,33
325,33
326,33
327,33
328,33
329,33
330,33
331,33
332,33
333,33
334,33
335,33
347,33
348,33
349,33
350,33
351,33
352,33
353,33
354,33
355,33
356,33
357,33
358,33
359,33
360,33
361,33
362,33
368,33
369,33
370,33
378,33
379,33
380,33
381,33
382,33
383,33
384,33
385,33
386,33
387,33
388,33
398,33
399,33
400,33
401,33
402,33
403,33
404,33
405,33
406,33
407,33
408,33
409,33
424,33
425,33
426,33
427,33
428,33
429,33
430,33
431,33
432,33
433,33
434,33
435,33
436,33
451,33
452,33
453,33
454,33
455,33
456,33
457,33
458,33
459,33
6,32
7,32
8,32
9,32
10,32
11,32
12,32
13,32
14,32
15,32
16,32
17,32
18,32
19,32
20,32
21,32
22,32
23,32
24,32
25,32
26,32
27,32
28,32
29,32
30,32
31,32
32,32
33,32
34,32
35,32
36,32
37,32
38,32
39,32
40,32
41,32
42,32
43,32
44,32
45,32
46,32
47,32
48,32
49,32
50,32
51,32
62,32
63,32
64,32
65,32
66,32
67,32
68,32
69,32
70,32
71,32
72,32
88,32
89,32
90,32
91,32
92,32
93,32
94,32
95,32
96,32
97,32
109,32
110,32
111,32
112,32
113,32
114,32
115,32
116,32
117,32
118,32
119,32
131,32
132,32
133,32
134,32
135,32
136,32
137,32
138,32
139,32
140,32
141,32
152,32
153,32
154,32
155,32
156,32
157,32
158,32
159,32
160,32
161,32
162,32
180,32
181,32
182,32
183,32
184,32
185,32
186,32
187,32
188,32
189,32
190,32
225,32
226,32
227,32
228,32
229,32
230,32
231,32
232,32
233,32
234,32
235,32
241,32
242,32
243,32
244,32
245,32
246,32
247,32
248,32
249,32
250,32
251,32
259,32
260,32
261,32
262,32
263,32
264,32
265,32
266,32
267,32
268,32
275,32
276,32
277,32
278,32
279,32
280,32
281,32
282,32
283,32
284,32
285,32
297,32
298,32
299,32
300,32
301,32
302,32
303,32
304,32
305,32
306,32
307,32
325,32
326,32
327,32
328,32
329,32
330,32
331,32
332,32
333,32
334,32
335,32
347,32
348,32
349,32
350,32
351,32
352,32
353,32
354,32
355,32
356,32
357,32
358,32
359,32
360,32
370,32
378,32
379,32
380,32
381,32
382,32
383,32
384,32
385,32
386,32
387,32
388,32
398,32
399,32
400,32
401,32
402,32
403,32
404,32
405,32
406,32
407,32
408,32
409,32
424,32
425,32
426,32
427,32
428,32
429,32
430,32
431,32
432,32
433,32
434,32
435,32
436,32
451,32
452,32
453,32
454,32
455,32
456,32
457,32
458,32
459,32
6,31
7,31
8,31
9,31
10,31
11,31
12,31
13,31
14,31
15,31
16,31
17,31
18,31
19,31
20,31
21,31
22,31
23,31
24,31
25,31
26,31
27,31
28,31
29,31
30,31
31,31
32,31
33,31
34,31
35,31
36,31
37,31
38,31
39,31
40,31
41,31
42,31
43,31
44,31
45,31
46,31
47,31
48,31
49,31
50,31
51,31
62,31
63,31
64,31
65,31
66,31
67,31
68,31
69,31
70,31
71,31
72,31
88,31
89,31
90,31
91,31
92,31
93,31
94,31
95,31
96,31
97,31
98,31
109,31
110,31
111,31
112,31
113,31
114,31
115,31
116,31
117,31
118,31
119,31
131,31
132,31
133,31
134,31
135,31
136,31
137,31
138,31
139,31
140,31
141,31
151,31
152,31
153,31
154,31
155,31
156,31
157,31
158,31
159,31
160,31
161,31
162,31
180,31
181,31
182,31
183,31
184,31
185,31
186,31
187,31
188,31
189,31
190,31
191,31
225,31
226,31
227,31
228,31
229,31
230,31
231,31
232,31
233,31
234,31
235,31
241,31
242,31
243,31
244,31
245,31
246,31
247,31
248,31
249,31
250,31
251,31
259,31
260,31
261,31
262,31
263,31
264,31
265,31
266,31
267,31
268,31
269,31
275,31
276,31
277,31
278,31
279,31
280,31
281,31
282,31
283,31
284,31
285,31
296,31
297,31
298,31
299,31
300,31
301,31
302,31
303,31
304,31
305,31
306,31
307,31
325,31
326,31
327,31
328,31
329,31
330,31
331,31
332,31
333,31
334,31
335,31
336,31
347,31
348,31
349,31
350,31
351,31
352,31
353,31
354,31
355,31
356,31
357,31
358,31
359,31
378,31
379,31
380,31
381,31
382,31
383,31
384,31
385,31
386,31
387,31
388,31
398,31
399,31
400,31
401,31
402,31
403,31
404,31
405,31
406,31
407,31
408,31
425,31
426,31
427,31
428,31
429,31
430,31
431,31
432,31
433,31
434,31
435,31
436,31
451,31
452,31
453,31
454,31
455,31
456,31
457,31
458,31
459,31
6,30
7,30
8,30
9,30
10,30
11,30
12,30
13,30
14,30
15,30
16,30
17,30
18,30
19,30
20,30
21,30
22,30
23,30
24,30
25,30
26,30
27,30
28,30
29,30
30,30
31,30
32,30
33,30
34,30
35,30
36,30
37,30
38,30
39,30
40,30
41,30
42,30
43,30
44,30
45,30
46,30
47,30
48,30
49,30
50,30
51,30
62,30
63,30
64,30
65,30
66,30
67,30
68,30
69,30
70,30
71,30
72,30
89,30
90,30
91,30
92,30
93,30
94,30
95,30
96,30
97,30
98,30
109,30
110,30
111,30
112,30
113,30
114,30
115,30
116,30
117,30
118,30
119,30
131,30
132,30
133,30
134,30
135,30
136,30
137,30
138,30
139,30
140,30
141,30
151,30
152,30
153,30
154,30
155,30
156,30
157,30
158,30
159,30
160,30
161,30
181,30
182,30
183,30
184,30
185,30
186,30
187,30
188,30
189,30
190,30
191,30
225,30
226,30
227,30
228,30
229,30
230,30
231,30
232,30
233,30
234,30
235,30
241,30
242,30
243,30
244,30
245,30
246,30
247,30
248,30
249,30
250,30
251,30
259,30
260,30
261,30
262,30
263,30
264,30
265,30
266,30
267,30
268,30
269,30
275,30
276,30
277,30
278,30
279,30
280,30
281,30
282,30
283,30
284,30
285,30
296,30
297,30
298,30
299,30
300,30
301,30
302,30
303,30
304,30
305,30
306,30
326,30
327,30
328,30
329,30
330,30
331,30
332,30
333,30
334,30
335,30
336,30
347,30
348,30
349,30
350,30
351,30
352,30
353,30
354,30
355,30
356,30
357,30
358,30
359,30
378,30
379,30
380,30
381,30
382,30
383,30
384,30
385,30
386,30
387,30
388,30
398,30
399,30
400,30
401,30
402,30
403,30
404,30
405,30
406,30
407,30
408,30
425,30
426,30
427,30
428,30
429,30
430,30
431,30
432,30
433,30
434,30
435,30
436,30
451,30
452,30
453,30
454,30
455,30
456,30
457,30
458,30
459,30
6,29
7,29
8,29
9,29
10,29
11,29
12,29
13,29
14,29
15,29
16,29
17,29
18,29
19,29
20,29
21,29
22,29
23,29
24,29
25,29
26,29
27,29
28,29
29,29
30,29
31,29
32,29
33,29
34,29
35,29
36,29
37,29
38,29
39,29
40,29
41,29
42,29
43,29
44,29
45,29
46,29
47,29
48,29
49,29
50,29
51,29
62,29
63,29
64,29
65,29
66,29
67,29
68,29
69,29
70,29
71,29
89,29
90,29
91,29
92,29
93,29
94,29
95,29
96,29
97,29
98,29
109,29
110,29
111,29
112,29
113,29
114,29
115,29
116,29
117,29
118,29
119,29
131,29
132,29
133,29
134,29
135,29
136,29
137,29
138,29
139,29
140,29
141,29
151,29
152,29
153,29
154,29
155,29
156,29
157,29
158,29
159,29
160,29
161,29
181,29
182,29
183,29
184,29
185,29
186,29
187,29
188,29
189,29
190,29
191,29
226,29
227,29
228,29
229,29
230,29
231,29
232,29
233,29
234,29
235,29
241,29
242,29
243,29
244,29
245,29
246,29
247,29
248,29
249,29
250,29
251,29
259,29
260,29
261,29
262,29
263,29
264,29
265,29
266,29
267,29
268,29
269,29
275,29
276,29
277,29
278,29
279,29
280,29
281,29
282,29
283,29
284,29
285,29
296,29
297,29
298,29
299,29
300,29
301,29
302,29
303,29
304,29
305,29
306,29
326,29
327,29
328,29
329,29
330,29
331,29
332,29
333,29
334,29
335,29
336,29
347,29
348,29
349,29
350,29
351,29
352,29
353,29
354,29
355,29
356,29
357,29
358,29
378,29
379,29
380,29
381,29
382,29
383,29
384,29
385,29
386,29
387,29
388,29
397,29
398,29
399,29
400,29
401,29
402,29
403,29
404,29
405,29
406,29
407,29
408,29
425,29
426,29
427,29
428,29
429,29
430,29
431,29
432,29
433,29
434,29
435,29
436,29
452,29
453,29
454,29
455,29
456,29
457,29
458,29
459,29
6,28
7,28
8,28
9,28
10,28
11,28
12,28
13,28
14,28
15,28
16,28
17,28
18,28
19,28
20,28
21,28
22,28
23,28
24,28
25,28
26,28
27,28
28,28
29,28
30,28
31,28
32,28
33,28
34,28
35,28
36,28
37,28
38,28
39,28
40,28
41,28
42,28
43,28
44,28
45,28
46,28
47,28
48,28
49,28
50,28
51,28
61,28
62,28
63,28
64,28
65,28
66,28
67,28
68,28
69,28
70,28
71,28
89,28
90,28
91,28
92,28
93,28
94,28
95,28
96,28
97,28
98,28
109,28
110,28
111,28
112,28
113,28
114,28
115,28
116,28
117,28
118,28
119,28
131,28
132,28
133,28
134,28
135,28
136,28
137,28
138,28
139,28
140,28
141,28
151,28
152,28
153,28
154,28
155,28
156,28
157,28
158,28
159,28
160,28
161,28
181,28
182,28
183,28
184,28
185,28
186,28
187,28
188,28
189,28
190,28
191,28
226,28
227,28
228,28
229,28
230,28
231,28
232,28
233,28
234,28
235,28
236,28
240,28
241,28
242,28
243,28
244,28
245,28
246,28
247,28
248,28
249,28
250,28
259,28
260,28
261,28
262,28
263,28
264,28
265,28
266,28
267,28
268,28
269,28
275,28
276,28
277,28
278,28
279,28
280,28
281,28
282,28
283,28
284,28
296,28
297,28
298,28
299,28
300,28
301,28
302,28
303,28
304,28
305,28
306,28
326,28
327,28
328,28
329,28
330,28
331,28
332,28
333,28
334,28
335,28
336,28
347,28
348,28
349,28
350,28
351,28
352,28
353,28
354,28
355,28
356,28
357,28
358,28
378,28
379,28
380,28
381,28
382,28
383,28
384,28
385,28
386,28
387,28
388,28
397,28
398,28
399,28
400,28
401,28
402,28
403,28
404,28
405,28
406,28
407,28
425,28
426,28
427,28
428,28
429,28
430,28
431,28
432,28
433,28
434,28
435,28
436,28
452,28
453,28
454,28
455,28
456,28
457,28
458,28
6,27
7,27
8,27
9,27
10,27
11,27
12,27
13,27
14,27
15,27
16,27
17,27
18,27
19,27
20,27
21,27
22,27
23,27
24,27
25,27
26,27
27,27
28,27
29,27
30,27
31,27
32,27
33,27
34,27
35,27
36,27
37,27
38,27
39,27
40,27
41,27
42,27
43,27
44,27
45,27
46,27
47,27
48,27
49,27
50,27
51,27
61,27
62,27
63,27
64,27
65,27
66,27
67,27
68,27
69,27
70,27
71,27
89,27
90,27
91,27
92,27
93,27
94,27
95,27
96,27
97,27
98,27
99,27
109,27
110,27
111,27
112,27
113,27
114,27
115,27
116,27
117,27
118,27
119,27
131,27
132,27
133,27
134,27
135,27
136,27
137,27
138,27
139,27
140,27
141,27
150,27
151,27
152,27
153,27
154,27
155,27
156,27
157,27
158,27
159,27
160,27
182,27
183,27
184,27
185,27
186,27
187,27
188,27
189,27
190,27
191,27
192,27
226,27
227,27
228,27
229,27
230,27
231,27
232,27
233,27
234,27
235,27
236,27
240,27
241,27
242,27
243,27
244,27
245,27
246,27
247,27
248,27
249,27
250,27
260,27
261,27
262,27
263,27
264,27
265,27
266,27
267,27
268,27
269,27
270,27
274,27
275,27
276,27
277,27
278,27
279,27
280,27
281,27
282,27
283,27
284,27
295,27
296,27
297,27
298,27
299,27
300,27
301,27
302,27
303,27
304,27
305,27
327,27
328,27
329,27
330,27
331,27
332,27
333,27
334,27
335,27
336,27
337,27
347,27
348,27
349,27
350,27
351,27
352,27
353,27
354,27
355,27
356,27
357,27
358,27
378,27
379,27
380,27
381,27
382,27
383,27
384,27
385,27
386,27
387,27
388,27
397,27
398,27
399,27
400,27
401,27
402,27
403,27
404,27
405,27
406,27
407,27
426,27
427,27
428,27
429,27
430,27
431,27
432,27
433,27
434,27
435,27
436,27
452,27
453,27
454,27
455,27
456,27
457,27
458,27
6,26
7,26
8,26
9,26
10,26
11,26
12,26
13,26
14,26
15,26
16,26
41,26
42,26
43,26
44,26
45,26
46,26
47,26
48,26
49,26
50,26
51,26
61,26
62,26
63,26
64,26
65,26
66,26
67,26
68,26
69,26
70,26
71,26
72,26
73,26
74,26
75,26
76,26
77,26
78,26
79,26
80,26
81,26
82,26
83,26
84,26
85,26
86,26
87,26
88,26
89,26
90,26
91,26
92,26
93,26
94,26
95,26
96,26
97,26
98,26
99,26
109,26
110,26
111,26
112,26
113,26
114,26
115,26
116,26
117,26
118,26
119,26
131,26
132,26
133,26
134,26
135,26
136,26
137,26
138,26
139,26
140,26
141,26
150,26
151,26
152,26
153,26
154,26
155,26
156,26
157,26
158,26
159,26
160,26
182,26
183,26
184,26
185,26
186,26
187,26
188,26
189,26
190,26
191,26
192,26
226,26
227,26
228,26
229,26
230,26
231,26
232,26
233,26
234,26
235,26
236,26
240,26
241,26
242,26
243,26
244,26
245,26
246,26
247,26
248,26
249,26
250,26
260,26
261,26
262,26
263,26
264,26
265,26
266,26
267,26
268,26
269,26
270,26
274,26
275,26
276,26
277,26
278,26
279,26
280,26
281,26
282,26
283,26
284,26
295,26
296,26
297,26
298,26
299,26
300,26
301,26
302,26
303,26
304,26
305,26
327,26
328,26
329,26
330,26
331,26
332,26
333,26
334,26
335,26
336,26
337,26
347,26
348,26
349,26
350,26
351,26
352,26
353,26
354,26
355,26
356,26
357,26
358,26
378,26
379,26
380,26
381,26
382,26
383,26
384,26
385,26
386,26
387,26
388,26
397,26
398,26
399,26
400,26
401,26
402,26
403,26
404,26
405,26
406,26
407,26
426,26
427,26
428,26
429,26
430,26
431,26
432,26
433,26
434,26
435,26
436,26
452,26
453,26
454,26
455,26
456,26
457,26
458,26
6,25
7,25
8,25
9,25
10,25
11,25
12,25
13,25
14,25
15,25
16,25
41,25
42,25
43,25
44,25
45,25
46,25
47,25
48,25
49,25
50,25
51,25
61,25
62,25
63,25
64,25
65,25
66,25
67,25
68,25
69,25
70,25
71,25
72,25
73,25
74,25
75,25
76,25
77,25
78,25
79,25
80,25
81,25
82,25
83,25
84,25
85,25
86,25
87,25
88,25
89,25
90,25
91,25
92,25
93,25
94,25
95,25
96,25
97,25
98,25
99,25
109,25
110,25
111,25
112,25
113,25
114,25
115,25
116,25
117,25
118,25
119,25
131,25
132,25
133,25
134,25
135,25
136,25
137,25
138,25
139,25
140,25
141,25
150,25
151,25
152,25
153,25
154,25
155,25
156,25
157,25
158,25
159,25
160,25
182,25
183,25
184,25
185,25
186,25
187,25
188,25
189,25
190,25
191,25
192,25
227,25
228,25
229,25
230,25
231,25
232,25
233,25
234,25
235,25
236,25
240,25
241,25
242,25
243,25
244,25
245,25
246,25
247,25
248,25
249,25
250,25
260,25
261,25
262,25
263,25
264,25
265,25
266,25
267,25
268,25
269,25
270,25
274,25
275,25
276,25
277,25
278,25
279,25
280,25
281,25
282,25
283,25
284,25
295,25
296,25
297,25
298,25
299,25
300,25
301,25
302,25
303,25
304,25
305,25
327,25
328,25
329,25
330,25
331,25
332,25
333,25
334,25
335,25
336,25
337,25
347,25
348,25
349,25
350,25
351,25
352,25
353,25
354,25
355,25
356,25
357,25
378,25
379,25
380,25
381,25
382,25
383,25
384,25
385,25
386,25
387,25
388,25
397,25
398,25
399,25
400,25
401,25
402,25
403,25
404,25
405,25
406,25
407,25
426,25
427,25
428,25
429,25
430,25
431,25
432,25
433,25
434,25
435,25
436,25
452,25
453,25
454,25
455,25
456,25
457,25
458,25
6,24
7,24
8,24
9,24
10,24
11,24
12,24
13,24
14,24
15,24
16,24
41,24
42,24
43,24
44,24
45,24
46,24
47,24
48,24
49,24
50,24
51,24
61,24
62,24
63,24
64,24
65,24
66,24
67,24
68,24
69,24
70,24
71,24
72,24
73,24
74,24
75,24
76,24
77,24
78,24
79,24
80,24
81,24
82,24
83,24
84,24
85,24
86,24
87,24
88,24
89,24
90,24
91,24
92,24
93,24
94,24
95,24
96,24
97,24
98,24
99,24
109,24
110,24
111,24
112,24
113,24
114,24
115,24
116,24
117,24
118,24
119,24
131,24
132,24
133,24
134,24
135,24
136,24
137,24
138,24
139,24
140,24
141,24
150,24
151,24
152,24
153,24
154,24
155,24
156,24
157,24
158,24
159,24
160,24
182,24
183,24
184,24
185,24
186,24
187,24
188,24
189,24
190,24
191,24
192,24
227,24
228,24
229,24
230,24
231,24
232,24
233,24
234,24
235,24
236,24
240,24
241,24
242,24
243,24
244,24
245,24
246,24
247,24
248,24
249,24
250,24
260,24
261,24
262,24
263,24
264,24
265,24
266,24
267,24
268,24
269,24
270,24
274,24
275,24
276,24
277,24
278,24
279,24
280,24
281,24
282,24
283,24
295,24
296,24
297,24
298,24
299,24
300,24
301,24
302,24
303,24
304,24
305,24
327,24
328,24
329,24
330,24
331,24
332,24
333,24
334,24
335,24
336,24
337,24
347,24
348,24
349,24
350,24
351,24
352,24
353,24
354,24
355,24
356,24
357,24
378,24
379,24
380,24
381,24
382,24
383,24
384,24
385,24
386,24
387,24
388,24
397,24
398,24
399,24
400,24
401,24
402,24
403,24
404,24
405,24
406,24
407,24
426,24
427,24
428,24
429,24
430,24
431,24
432,24
433,24
434,24
435,24
436,24
452,24
453,24
454,24
455,24
456,24
457,24
458,24
6,23
7,23
8,23
9,23
10,23
11,23
12,23
13,23
14,23
15,23
16,23
41,23
42,23
43,23
44,23
45,23
46,23
47,23
48,23
49,23
50,23
51,23
61,23
62,23
63,23
64,23
65,23
66,23
67,23
68,23
69,23
70,23
71,23
72,23
73,23
74,23
75,23
76,23
77,23
78,23
79,23
80,23
81,23
82,23
83,23
84,23
85,23
86,23
87,23
88,23
89,23
90,23
91,23
92,23
93,23
94,23
95,23
96,23
97,23
98,23
99,23
109,23
110,23
111,23
112,23
113,23
114,23
115,23
116,23
117,23
118,23
119,23
131,23
132,23
133,23
134,23
135,23
136,23
137,23
138,23
139,23
140,23
141,23
150,23
151,23
152,23
153,23
154,23
155,23
156,23
157,23
158,23
159,23
160,23
182,23
183,23
184,23
185,23
186,23
187,23
188,23
189,23
190,23
191,23
192,23
227,23
228,23
229,23
230,23
231,23
232,23
233,23
234,23
235,23
236,23
237,23
239,23
240,23
241,23
242,23
243,23
244,23
245,23
246,23
247,23
248,23
249,23
261,23
262,23
263,23
264,23
265,23
266,23
267,23
268,23
269,23
270,23
271,23
273,23
274,23
275,23
276,23
277,23
278,23
279,23
280,23
281,23
282,23
283,23
295,23
296,23
297,23
298,23
299,23
300,23
301,23
302,23
303,23
304,23
305,23
327,23
328,23
329,23
330,23
331,23
332,23
333,23
334,23
335,23
336,23
337,23
347,23
348,23
349,23
350,23
351,23
352,23
353,23
354,23
355,23
356,23
357,23
378,23
379,23
380,23
381,23
382,23
383,23
384,23
385,23
386,23
387,23
388,23
397,23
398,23
399,23
400,23
401,23
402,23
403,23
404,23
405,23
406,23
407,23
426,23
427,23
428,23
429,23
430,23
431,23
432,23
433,23
434,23
435,23
436,23
452,23
453,23
454,23
455,23
456,23
457,23
458,23
6,22
7,22
8,22
9,22
10,22
11,22
12,22
13,22
14,22
15,22
16,22
41,22
42,22
43,22
44,22
45,22
46,22
47,22
48,22
49,22
50,22
51,22
61,22
62,22
63,22
64,22
65,22
66,22
67,22
68,22
69,22
70,22
71,22
72,22
73,22
74,22
75,22
76,22
77,22
78,22
79,22
80,22
81,22
82,22
83,22
84,22
85,22
86,22
87,22
88,22
89,22
90,22
91,22
92,22
93,22
94,22
95,22
96,22
97,22
98,22
99,22
109,22
110,22
111,22
112,22
113,22
114,22
115,22
116,22
117,22
118,22
119,22
131,22
132,22
133,22
134,22
135,22
136,22
137,22
138,22
139,22
140,22
141,22
150,22
151,22
152,22
153,22
154,22
155,22
156,22
157,22
158,22
159,22
160,22
182,22
183,22
184,22
185,22
186,22
187,22
188,22
189,22
190,22
191,22
192,22
227,22
228,22
229,22
230,22
231,22
232,22
233,22
234,22
235,22
236,22
237,22
239,22
240,22
241,22
242,22
243,22
244,22
245,22
246,22
247,22
248,22
249,22
261,22
262,22
263,22
264,22
265,22
266,22
267,22
268,22
269,22
270,22
271,22
273,22
274,22
275,22
276,22
277,22
278,22
279,22
280,22
281,22
282,22
283,22
295,22
296,22
297,22
298,22
299,22
300,22
301,22
302,22
303,22
304,22
305,22
327,22
328,22
329,22
330,22
331,22
332,22
333,22
334,22
335,22
336,22
337,22
347,22
348,22
349,22
350,22
351,22
352,22
353,22
354,22
355,22
356,22
357,22
378,22
379,22
380,22
381,22
382,22
383,22
384,22
385,22
386,22
387,22
388,22
397,22
398,22
399,22
400,22
401,22
402,22
403,22
404,22
405,22
406,22
407,22
426,22
427,22
428,22
429,22
430,22
431,22
432,22
433,22
434,22
435,22
436,22
452,22
453,22
454,22
455,22
456,22
457,22
458,22
6,21
7,21
8,21
9,21
10,21
11,21
12,21
13,21
14,21
15,21
16,21
41,21
42,21
43,21
44,21
45,21
46,21
47,21
48,21
49,21
50,21
51,21
61,21
62,21
63,21
64,21
65,21
66,21
67,21
68,21
69,21
70,21
71,21
72,21
73,21
74,21
75,21
76,21
77,21
78,21
79,21
80,21
81,21
82,21
83,21
84,21
85,21
86,21
87,21
88,21
89,21
90,21
91,21
92,21
93,21
94,21
95,21
96,21
97,21
98,21
99,21
109,21
110,21
111,21
112,21
113,21
114,21
115,21
116,21
117,21
118,21
119,21
131,21
132,21
133,21
134,21
135,21
136,21
137,21
138,21
139,21
140,21
141,21
150,21
151,21
152,21
153,21
154,21
155,21
156,21
157,21
158,21
159,21
160,21
182,21
183,21
184,21
185,21
186,21
187,21
188,21
189,21
190,21
191,21
192,21
228,21
229,21
230,21
231,21
232,21
233,21
234,21
235,21
236,21
237,21
239,21
240,21
241,21
242,21
243,21
244,21
245,21
246,21
247,21
248,21
249,21
261,21
262,21
263,21
264,21
265,21
266,21
267,21
268,21
269,21
270,21
271,21
273,21
274,21
275,21
276,21
277,21
278,21
279,21
280,21
281,21
282,21
283,21
295,21
296,21
297,21
298,21
299,21
300,21
301,21
302,21
303,21
304,21
305,21
327,21
328,21
329,21
330,21
331,21
332,21
333,21
334,21
335,21
336,21
337,21
347,21
348,21
349,21
350,21
351,21
352,21
353,21
354,21
355,21
356,21
357,21
378,21
379,21
380,21
381,21
382,21
383,21
384,21
385,21
386,21
387,21
388,21
397,21
398,21
399,21
400,21
401,21
402,21
403,21
404,21
405,21
406,21
407,21
426,21
427,21
428,21
429,21
430,21
431,21
432,21
433,21
434,21
435,21
436,21
452,21
453,21
454,21
455,21
456,21
457,21
458,21
6,20
7,20
8,20
9,20
10,20
11,20
12,20
13,20
14,20
15,20
16,20
41,20
42,20
43,20
44,20
45,20
46,20
47,20
48,20
49,20
50,20
51,20
61,20
62,20
63,20
64,20
65,20
66,20
67,20
68,20
69,20
70,20
71,20
72,20
73,20
74,20
75,20
76,20
77,20
78,20
79,20
80,20
81,20
82,20
83,20
84,20
85,20
86,20
87,20
88,20
89,20
90,20
91,20
92,20
93,20
94,20
95,20
96,20
97,20
98,20
99,20
109,20
110,20
111,20
112,20
113,20
114,20
115,20
116,20
117,20
118,20
119,20
131,20
132,20
133,20
134,20
135,20
136,20
137,20
138,20
139,20
140,20
141,20
150,20
151,20
152,20
153,20
154,20
155,20
156,20
157,20
158,20
159,20
160,20
182,20
183,20
184,20
185,20
186,20
187,20
188,20
189,20
190,20
191,20
192,20
228,20
229,20
230,20
231,20
232,20
233,20
234,20
235,20
236,20
237,20
239,20
240,20
241,20
242,20
243,20
244,20
245,20
246,20
247,20
248,20
249,20
261,20
262,20
263,20
264,20
265,20
266,20
267,20
268,20
269,20
270,20
271,20
273,20
274,20
275,20
276,20
277,20
278,20
279,20
280,20
281,20
282,20
295,20
296,20
297,20
298,20
299,20
300,20
301,20
302,20
303,20
304,20
305,20
327,20
328,20
329,20
330,20
331,20
332,20
333,20
334,20
335,20
336,20
337,20
347,20
348,20
349,20
350,20
351,20
352,20
353,20
354,20
355,20
356,20
357,20
378,20
379,20
380,20
381,20
382,20
383,20
384,20
385,20
386,20
387,20
388,20
397,20
398,20
399,20
400,20
401,20
402,20
403,20
404,20
405,20
406,20
407,20
426,20
427,20
428,20
429,20
430,20
431,20
432,20
433,20
434,20
435,20
436,20
452,20
453,20
454,20
455,20
456,20
457,20
458,20
6,19
7,19
8,19
9,19
10,19
11,19
12,19
13,19
14,19
15,19
16,19
41,19
42,19
43,19
44,19
45,19
46,19
47,19
48,19
49,19
50,19
51,19
61,19
62,19
63,19
64,19
65,19
66,19
67,19
68,19
69,19
70,19
71,19
109,19
110,19
111,19
112,19
113,19
114,19
115,19
116,19
117,19
118,19
119,19
131,19
132,19
133,19
134,19
135,19
136,19
137,19
138,19
139,19
140,19
141,19
150,19
151,19
152,19
153,19
154,19
155,19
156,19
157,19
158,19
159,19
160,19
182,19
183,19
184,19
185,19
186,19
187,19
188,19
189,19
190,19
191,19
192,19
228,19
229,19
230,19
231,19
232,19
233,19
234,19
235,19
236,19
237,19
238,19
239,19
240,19
241,19
242,19
243,19
244,19
245,19
246,19
247,19
248,19
262,19
263,19
264,19
265,19
266,19
267,19
268,19
269,19
270,19
271,19
272,19
273,19
274,19
275,19
276,19
277,19
278,19
279,19
280,19
281,19
282,19
295,19
296,19
297,19
298,19
299,19
300,19
301,19
302,19
303,19
304,19
305,19
327,19
328,19
329,19
330,19
331,19
332,19
333,19
334,19
335,19
336,19
337,19
347,19
348,19
349,19
350,19
351,19
352,19
353,19
354,19
355,19
356,19
357,19
378,19
379,19
380,19
381,19
382,19
383,19
384,19
385,19
386,19
387,19
388,19
397,19
398,19
399,19
400,19
401,19
402,19
403,19
404,19
405,19
406,19
407,19
426,19
427,19
428,19
429,19
430,19
431,19
432,19
433,19
434,19
435,19
436,19
452,19
453,19
454,19
455,19
456,19
457,19
458,19
6,18
7,18
8,18
9,18
10,18
11,18
12,18
13,18
14,18
15,18
16,18
41,18
42,18
43,18
44,18
45,18
46,18
47,18
48,18
49,18
50,18
51,18
61,18
62,18
63,18
64,18
65,18
66,18
67,18
68,18
69,18
70,18
71,18
109,18
110,18
111,18
112,18
113,18
114,18
115,18
116,18
117,18
118,18
119,18
131,18
132,18
133,18
134,18
135,18
136,18
137,18
138,18
139,18
140,18
141,18
150,18
151,18
152,18
153,18
154,18
155,18
156,18
157,18
158,18
159,18
160,18
182,18
183,18
184,18
185,18
186,18
187,18
188,18
189,18
190,18
191,18
192,18
228,18
229,18
230,18
231,18
232,18
233,18
234,18
235,18
236,18
237,18
238,18
239,18
240,18
241,18
242,18
243,18
244,18
245,18
246,18
247,18
248,18
262,18
263,18
264,18
265,18
266,18
267,18
268,18
269,18
270,18
271,18
272,18
273,18
274,18
275,18
276,18
277,18
278,18
279,18
280,18
281,18
282,18
295,18
296,18
297,18
298,18
299,18
300,18
301,18
302,18
303,18
304,18
305,18
327,18
328,18
329,18
330,18
331,18
332,18
333,18
334,18
335,18
336,18
337,18
347,18
348,18
349,18
350,18
351,18
352,18
353,18
354,18
355,18
356,18
357,18
378,18
379,18
380,18
381,18
382,18
383,18
384,18
385,18
386,18
387,18
388,18
397,18
398,18
399,18
400,18
401,18
402,18
403,18
404,18
405,18
406,18
407,18
426,18
427,18
428,18
429,18
430,18
431,18
432,18
433,18
434,18
435,18
436,18
453,18
454,18
455,18
456,18
457,18
458,18
6,17
7,17
8,17
9,17
10,17
11,17
12,17
13,17
14,17
15,17
16,17
41,17
42,17
43,17
44,17
45,17
46,17
47,17
48,17
49,17
50,17
51,17
61,17
62,17
63,17
64,17
65,17
66,17
67,17
68,17
69,17
70,17
71,17
109,17
110,17
111,17
112,17
113,17
114,17
115,17
116,17
117,17
118,17
119,17
131,17
132,17
133,17
134,17
135,17
136,17
137,17
138,17
139,17
140,17
141,17
151,17
152,17
153,17
154,17
155,17
156,17
157,17
158,17
159,17
160,17
161,17
181,17
182,17
183,17
184,17
185,17
186,17
187,17
188,17
189,17
190,17
191,17
229,17
230,17
231,17
232,17
233,17
234,17
235,17
236,17
237,17
238,17
239,17
240,17
241,17
242,17
243,17
244,17
245,17
246,17
247,17
248,17
262,17
263,17
264,17
265,17
266,17
267,17
268,17
269,17
270,17
271,17
272,17
273,17
274,17
275,17
276,17
277,17
278,17
279,17
280,17
281,17
282,17
296,17
297,17
298,17
299,17
300,17
301,17
302,17
303,17
304,17
305,17
306,17
326,17
327,17
328,17
329,17
330,17
331,17
332,17
333,17
334,17
335,17
336,17
347,17
348,17
349,17
350,17
351,17
352,17
353,17
354,17
355,17
356,17
357,17
378,17
379,17
380,17
381,17
382,17
383,17
384,17
385,17
386,17
387,17
388,17
397,17
398,17
399,17
400,17
401,17
402,17
403,17
404,17
405,17
406,17
407,17
425,17
426,17
427,17
428,17
429,17
430,17
431,17
432,17
433,17
434,17
435,17
436,17
453,17
454,17
455,17
456,17
457,17
6,16
7,16
8,16
9,16
10,16
11,16
12,16
13,16
14,16
15,16
16,16
41,16
42,16
43,16
44,16
45,16
46,16
47,16
48,16
49,16
50,16
51,16
62,16
63,16
64,16
65,16
66,16
67,16
68,16
69,16
70,16
71,16
109,16
110,16
111,16
112,16
113,16
114,16
115,16
116,16
117,16
118,16
119,16
131,16
132,16
133,16
134,16
135,16
136,16
137,16
138,16
139,16
140,16
141,16
151,16
152,16
153,16
154,16
155,16
156,16
157,16
158,16
159,16
160,16
161,16
181,16
182,16
183,16
184,16
185,16
186,16
187,16
188,16
189,16
190,16
191,16
229,16
230,16
231,16
232,16
233,16
234,16
235,16
236,16
237,16
238,16
239,16
240,16
241,16
242,16
243,16
244,16
245,16
246,16
247,16
248,16
262,16
263,16
264,16
265,16
266,16
267,16
268,16
269,16
270,16
271,16
272,16
273,16
274,16
275,16
276,16
277,16
278,16
279,16
280,16
281,16
296,16
297,16
298,16
299,16
300,16
301,16
302,16
303,16
304,16
305,16
306,16
326,16
327,16
328,16
329,16
330,16
331,16
332,16
333,16
334,16
335,16
336,16
347,16
348,16
349,16
350,16
351,16
352,16
353,16
354,16
355,16
356,16
357,16
378,16
379,16
380,16
381,16
382,16
383,16
384,16
385,16
386,16
387,16
388,16
398,16
399,16
400,16
401,16
402,16
403,16
404,16
405,16
406,16
407,16
408,16
425,16
426,16
427,16
428,16
429,16
430,16
431,16
432,16
433,16
434,16
435,16
436,16
6,15
7,15
8,15
9,15
10,15
11,15
12,15
13,15
14,15
15,15
16,15
41,15
42,15
43,15
44,15
45,15
46,15
47,15
48,15
49,15
50,15
51,15
62,15
63,15
64,15
65,15
66,15
67,15
68,15
69,15
70,15
71,15
72,15
109,15
110,15
111,15
112,15
113,15
114,15
115,15
116,15
117,15
118,15
119,15
131,15
132,15
133,15
134,15
135,15
136,15
137,15
138,15
139,15
140,15
141,15
151,15
152,15
153,15
154,15
155,15
156,15
157,15
158,15
159,15
160,15
161,15
181,15
182,15
183,15
184,15
185,15
186,15
187,15
188,15
189,15
190,15
191,15
229,15
230,15
231,15
232,15
233,15
234,15
235,15
236,15
237,15
238,15
239,15
240,15
241,15
242,15
243,15
244,15
245,15
246,15
247,15
262,15
263,15
264,15
265,15
266,15
267,15
268,15
269,15
270,15
271,15
272,15
273,15
274,15
275,15
276,15
277,15
278,15
279,15
280,15
281,15
296,15
297,15
298,15
299,15
300,15
301,15
302,15
303,15
304,15
305,15
306,15
326,15
327,15
328,15
329,15
330,15
331,15
332,15
333,15
334,15
335,15
336,15
347,15
348,15
349,15
350,15
351,15
352,15
353,15
354,15
355,15
356,15
357,15
378,15
379,15
380,15
381,15
382,15
383,15
384,15
385,15
386,15
387,15
388,15
398,15
399,15
400,15
401,15
402,15
403,15
404,15
405,15
406,15
407,15
408,15
425,15
426,15
427,15
428,15
429,15
430,15
431,15
432,15
433,15
434,15
435,15
436,15
6,14
7,14
8,14
9,14
10,14
11,14
12,14
13,14
14,14
15,14
16,14
41,14
42,14
43,14
44,14
45,14
46,14
47,14
48,14
49,14
50,14
51,14
62,14
63,14
64,14
65,14
66,14
67,14
68,14
69,14
70,14
71,14
72,14
88,14
89,14
90,14
91,14
92,14
93,14
109,14
110,14
111,14
112,14
113,14
114,14
115,14
116,14
117,14
118,14
119,14
131,14
132,14
133,14
134,14
135,14
136,14
137,14
138,14
139,14
140,14
141,14
151,14
152,14
153,14
154,14
155,14
156,14
157,14
158,14
159,14
160,14
161,14
162,14
180,14
181,14
182,14
183,14
184,14
185,14
186,14
187,14
188,14
189,14
190,14
191,14
229,14
230,14
231,14
232,14
233,14
234,14
235,14
236,14
237,14
238,14
239,14
240,14
241,14
242,14
243,14
244,14
245,14
246,14
247,14
263,14
264,14
265,14
266,14
267,14
268,14
269,14
270,14
271,14
272,14
273,14
274,14
275,14
276,14
277,14
278,14
279,14
280,14
281,14
296,14
297,14
298,14
299,14
300,14
301,14
302,14
303,14
304,14
305,14
306,14
307,14
325,14
326,14
327,14
328,14
329,14
330,14
331,14
332,14
333,14
334,14
335,14
336,14
347,14
348,14
349,14
350,14
351,14
352,14
353,14
354,14
355,14
356,14
357,14
378,14
379,14
380,14
381,14
382,14
383,14
384,14
385,14
386,14
387,14
388,14
398,14
399,14
400,14
401,14
402,14
403,14
404,14
405,14
406,14
407,14
408,14
425,14
426,14
427,14
428,14
429,14
430,14
431,14
432,14
433,14
434,14
435,14
436,14
6,13
7,13
8,13
9,13
10,13
11,13
12,13
13,13
14,13
15,13
16,13
41,13
42,13
43,13
44,13
45,13
46,13
47,13
48,13
49,13
50,13
51,13
62,13
63,13
64,13
65,13
66,13
67,13
68,13
69,13
70,13
71,13
72,13
73,13
87,13
88,13
89,13
90,13
91,13
92,13
93,13
94,13
95,13
96,13
97,13
98,13
109,13
110,13
111,13
112,13
113,13
114,13
115,13
116,13
117,13
118,13
119,13
131,13
132,13
133,13
134,13
135,13
136,13
137,13
138,13
139,13
140,13
141,13
152,13
153,13
154,13
155,13
156,13
157,13
158,13
159,13
160,13
161,13
162,13
180,13
181,13
182,13
183,13
184,13
185,13
186,13
187,13
188,13
189,13
190,13
230,13
231,13
232,13
233,13
234,13
235,13
236,13
237,13
238,13
239,13
240,13
241,13
242,13
243,13
244,13
245,13
246,13
247,13
263,13
264,13
265,13
266,13
267,13
268,13
269,13
270,13
271,13
272,13
273,13
274,13
275,13
276,13
277,13
278,13
279,13
280,13
281,13
297,13
298,13
299,13
300,13
301,13
302,13
303,13
304,13
305,13
306,13
307,13
325,13
326,13
327,13
328,13
329,13
330,13
331,13
332,13
333,13
334,13
335,13
347,13
348,13
349,13
350,13
351,13
352,13
353,13
354,13
355,13
356,13
357,13
378,13
379,13
380,13
381,13
382,13
383,13
384,13
385,13
386,13
387,13
388,13
398,13
399,13
400,13
401,13
402,13
403,13
404,13
405,13
406,13
407,13
408,13
409,13
424,13
425,13
426,13
427,13
428,13
429,13
430,13
431,13
432,13
433,13
434,13
435,13
436,13
6,12
7,12
8,12
9,12
10,12
11,12
12,12
13,12
14,12
15,12
16,12
41,12
42,12
43,12
44,12
45,12
46,12
47,12
48,12
49,12
50,12
51,12
63,12
64,12
65,12
66,12
67,12
68,12
69,12
70,12
71,12
72,12
73,12
87,12
88,12
89,12
90,12
91,12
92,12
93,12
94,12
95,12
96,12
97,12
109,12
110,12
111,12
112,12
113,12
114,12
115,12
116,12
117,12
118,12
119,12
131,12
132,12
133,12
134,12
135,12
136,12
137,12
138,12
139,12
140,12
141,12
152,12
153,12
154,12
155,12
156,12
157,12
158,12
159,12
160,12
161,12
162,12
163,12
179,12
180,12
181,12
182,12
183,12
184,12
185,12
186,12
187,12
188,12
189,12
190,12
230,12
231,12
232,12
233,12
234,12
235,12
236,12
237,12
238,12
239,12
240,12
241,12
242,12
243,12
244,12
245,12
246,12
247,12
263,12
264,12
265,12
266,12
267,12
268,12
269,12
270,12
271,12
272,12
273,12
274,12
275,12
276,12
277,12
278,12
279,12
280,12
297,12
298,12
299,12
300,12
301,12
302,12
303,12
304,12
305,12
306,12
307,12
308,12
324,12
325,12
326,12
327,12
328,12
329,12
330,12
331,12
332,12
333,12
334,12
335,12
347,12
348,12
349,12
350,12
351,12
352,12
353,12
354,12
355,12
356,12
357,12
378,12
379,12
380,12
381,12
382,12
383,12
384,12
385,12
386,12
387,12
388,12
399,12
400,12
401,12
402,12
403,12
404,12
405,12
406,12
407,12
408,12
409,12
423,12
424,12
425,12
426,12
427,12
428,12
429,12
430,12
431,12
432,12
433,12
434,12
435,12
436,12
450,12
451,12
452,12
453,12
454,12
455,12
456,12
457,12
458,12
459,12
460,12
6,11
7,11
8,11
9,11
10,11
11,11
12,11
13,11
14,11
15,11
16,11
41,11
42,11
43,11
44,11
45,11
46,11
47,11
48,11
49,11
50,11
51,11
63,11
64,11
65,11
66,11
67,11
68,11
69,11
70,11
71,11
72,11
73,11
74,11
86,11
87,11
88,11
89,11
90,11
91,11
92,11
93,11
94,11
95,11
96,11
97,11
109,11
110,11
111,11
112,11
113,11
114,11
115,11
116,11
117,11
118,11
119,11
131,11
132,11
133,11
134,11
135,11
136,11
137,11
138,11
139,11
140,11
141,11
153,11
154,11
155,11
156,11
157,11
158,11
159,11
160,11
161,11
162,11
163,11
164,11
178,11
179,11
180,11
181,11
182,11
183,11
184,11
185,11
186,11
187,11
188,11
189,11
230,11
231,11
232,11
233,11
234,11
235,11
236,11
237,11
238,11
239,11
240,11
241,11
242,11
243,11
244,11
245,11
246,11
263,11
264,11
265,11
266,11
267,11
268,11
269,11
270,11
271,11
272,11
273,11
274,11
275,11
276,11
277,11
278,11
279,11
280,11
298,11
299,11
300,11
301,11
302,11
303,11
304,11
305,11
306,11
307,11
308,11
309,11
323,11
324,11
325,11
326,11
327,11
328,11
329,11
330,11
331,11
332,11
333,11
334,11
347,11
348,11
349,11
350,11
351,11
352,11
353,11
354,11
355,11
356,11
357,11
378,11
379,11
380,11
381,11
382,11
383,11
384,11
385,11
386,11
387,11
388,11
399,11
400,11
401,11
402,11
403,11
404,11
405,11
406,11
407,11
408,11
409,11
410,11
423,11
424,11
425,11
426,11
427,11
428,11
429,11
430,11
431,11
432,11
433,11
434,11
435,11
436,11
450,11
451,11
452,11
453,11
454,11
455,11
456,11
457,11
458,11
459,11
460,11
6,10
7,10
8,10
9,10
10,10
11,10
12,10
13,10
14,10
15,10
16,10
41,10
42,10
43,10
44,10
45,10
46,10
47,10
48,10
49,10
50,10
51,10
64,10
65,10
66,10
67,10
68,10
69,10
70,10
71,10
72,10
73,10
74,10
75,10
85,10
86,10
87,10
88,10
89,10
90,10
91,10
92,10
93,10
94,10
95,10
96,10
97,10
109,10
110,10
111,10
112,10
113,10
114,10
115,10
116,10
117,10
118,10
119,10
131,10
132,10
133,10
134,10
135,10
136,10
137,10
138,10
139,10
140,10
141,10
153,10
154,10
155,10
156,10
157,10
158,10
159,10
160,10
161,10
162,10
163,10
164,10
165,10
177,10
178,10
179,10
180,10
181,10
182,10
183,10
184,10
185,10
186,10
187,10
188,10
230,10
231,10
232,10
233,10
234,10
235,10
236,10
237,10
238,10
239,10
240,10
241,10
242,10
243,10
244,10
245,10
246,10
264,10
265,10
266,10
267,10
268,10
269,10
270,10
271,10
272,10
273,10
274,10
275,10
276,10
277,10
278,10
279,10
280,10
298,10
299,10
300,10
301,10
302,10
303,10
304,10
305,10
306,10
307,10
308,10
309,10
310,10
322,10
323,10
324,10
325,10
326,10
327,10
328,10
329,10
330,10
331,10
332,10
333,10
347,10
348,10
349,10
350,10
351,10
352,10
353,10
354,10
355,10
356,10
357,10
378,10
379,10
380,10
381,10
382,10
383,10
384,10
385,10
386,10
387,10
388,10
399,10
400,10
401,10
402,10
403,10
404,10
405,10
406,10
407,10
408,10
409,10
410,10
411,10
422,10
423,10
424,10
425,10
426,10
427,10
428,10
429,10
430,10
431,10
432,10
433,10
434,10
435,10
436,10
450,10
451,10
452,10
453,10
454,10
455,10
456,10
457,10
458,10
459,10
460,10
6,9
7,9
8,9
9,9
10,9
11,9
12,9
13,9
14,9
15,9
16,9
41,9
42,9
43,9
44,9
45,9
46,9
47,9
48,9
49,9
50,9
51,9
64,9
65,9
66,9
67,9
68,9
69,9
70,9
71,9
72,9
73,9
74,9
75,9
76,9
77,9
84,9
85,9
86,9
87,9
88,9
89,9
90,9
91,9
92,9
93,9
94,9
95,9
96,9
109,9
110,9
111,9
112,9
113,9
114,9
115,9
116,9
117,9
118,9
119,9
131,9
132,9
133,9
134,9
135,9
136,9
137,9
138,9
139,9
140,9
141,9
154,9
155,9
156,9
157,9
158,9
159,9
160,9
161,9
162,9
163,9
164,9
165,9
166,9
167,9
175,9
176,9
177,9
178,9
179,9
180,9
181,9
182,9
183,9
184,9
185,9
186,9
187,9
188,9
231,9
232,9
233,9
234,9
235,9
236,9
237,9
238,9
239,9
240,9
241,9
242,9
243,9
244,9
245,9
246,9
264,9
265,9
266,9
267,9
268,9
269,9
270,9
271,9
272,9
273,9
274,9
275,9
276,9
277,9
278,9
279,9
280,9
299,9
300,9
301,9
302,9
303,9
304,9
305,9
306,9
307,9
308,9
309,9
310,9
311,9
312,9
320,9
321,9
322,9
323,9
324,9
325,9
326,9
327,9
328,9
329,9
330,9
331,9
332,9
333,9
347,9
348,9
349,9
350,9
351,9
352,9
353,9
354,9
355,9
356,9
357,9
378,9
379,9
380,9
381,9
382,9
383,9
384,9
385,9
386,9
387,9
388,9
400,9
401,9
402,9
403,9
404,9
405,9
406,9
407,9
408,9
409,9
410,9
411,9
412,9
413,9
420,9
421,9
422,9
423,9
424,9
425,9
426,9
427,9
428,9
429,9
430,9
431,9
432,9
433,9
434,9
435,9
436,9
450,9
451,9
452,9
453,9
454,9
455,9
456,9
457,9
458,9
459,9
460,9
6,8
7,8
8,8
9,8
10,8
11,8
12,8
13,8
14,8
15,8
16,8
41,8
42,8
43,8
44,8
45,8
46,8
47,8
48,8
49,8
50,8
51,8
65,8
66,8
67,8
68,8
69,8
70,8
71,8
72,8
73,8
74,8
75,8
76,8
77,8
78,8
79,8
80,8
81,8
82,8
83,8
84,8
85,8
86,8
87,8
88,8
89,8
90,8
91,8
92,8
93,8
94,8
95,8
109,8
110,8
111,8
112,8
113,8
114,8
115,8
116,8
117,8
118,8
119,8
131,8
132,8
133,8
134,8
135,8
136,8
137,8
138,8
139,8
140,8
141,8
154,8
155,8
156,8
157,8
158,8
159,8
160,8
161,8
162,8
163,8
164,8
165,8
166,8
167,8
168,8
169,8
170,8
171,8
172,8
173,8
174,8
175,8
176,8
177,8
178,8
179,8
180,8
181,8
182,8
183,8
184,8
185,8
186,8
187,8
231,8
232,8
233,8
234,8
235,8
236,8
237,8
238,8
239,8
240,8
241,8
242,8
243,8
244,8
245,8
246,8
264,8
265,8
266,8
267,8
268,8
269,8
270,8
271,8
272,8
273,8
274,8
275,8
276,8
277,8
278,8
279,8
299,8
300,8
301,8
302,8
303,8
304,8
305,8
306,8
307,8
308,8
309,8
310,8
311,8
312,8
313,8
314,8
315,8
316,8
317,8
318,8
319,8
320,8
321,8
322,8
323,8
324,8
325,8
326,8
327,8
328,8
329,8
330,8
331,8
332,8
347,8
348,8
349,8
350,8
351,8
352,8
353,8
354,8
355,8
356,8
357,8
378,8
379,8
380,8
381,8
382,8
383,8
384,8
385,8
386,8
387,8
388,8
401,8
402,8
403,8
404,8
405,8
406,8
407,8
408,8
409,8
410,8
411,8
412,8
413,8
414,8
415,8
416,8
417,8
418,8
419,8
420,8
421,8
422,8
423,8
424,8
425,8
426,8
427,8
428,8
429,8
430,8
431,8
432,8
433,8
434,8
435,8
436,8
450,8
451,8
452,8
453,8
454,8
455,8
456,8
457,8
458,8
459,8
460,8
6,7
7,7
8,7
9,7
10,7
11,7
12,7
13,7
14,7
15,7
16,7
41,7
42,7
43,7
44,7
45,7
46,7
47,7
48,7
49,7
50,7
51,7
66,7
67,7
68,7
69,7
70,7
71,7
72,7
73,7
74,7
75,7
76,7
77,7
78,7
79,7
80,7
81,7
82,7
83,7
84,7
85,7
86,7
87,7
88,7
89,7
90,7
91,7
92,7
93,7
94,7
95,7
109,7
110,7
111,7
112,7
113,7
114,7
115,7
116,7
117,7
118,7
119,7
131,7
132,7
133,7
134,7
135,7
136,7
137,7
138,7
139,7
140,7
141,7
155,7
156,7
157,7
158,7
159,7
160,7
161,7
162,7
163,7
164,7
165,7
166,7
167,7
168,7
169,7
170,7
171,7
172,7
173,7
174,7
175,7
176,7
177,7
178,7
179,7
180,7
181,7
182,7
183,7
184,7
185,7
186,7
231,7
232,7
233,7
234,7
235,7
236,7
237,7
238,7
239,7
240,7
241,7
242,7
243,7
244,7
245,7
264,7
265,7
266,7
267,7
268,7
269,7
270,7
271,7
272,7
273,7
274,7
275,7
276,7
277,7
278,7
279,7
300,7
301,7
302,7
303,7
304,7
305,7
306,7
307,7
308,7
309,7
310,7
311,7
312,7
313,7
314,7
315,7
316,7
317,7
318,7
319,7
320,7
321,7
322,7
323,7
324,7
325,7
326,7
327,7
328,7
329,7
330,7
331,7
347,7
348,7
349,7
350,7
351,7
352,7
353,7
354,7
355,7
356,7
357,7
378,7
379,7
380,7
381,7
382,7
383,7
384,7
385,7
386,7
387,7
388,7
401,7
402,7
403,7
404,7
405,7
406,7
407,7
408,7
409,7
410,7
411,7
412,7
413,7
414,7
415,7
416,7
417,7
418,7
419,7
420,7
421,7
422,7
423,7
424,7
425,7
426,7
427,7
428,7
429,7
430,7
431,7
432,7
433,7
434,7
435,7
436,7
450,7
451,7
452,7
453,7
454,7
455,7
456,7
457,7
458,7
459,7
460,7
6,6
7,6
8,6
9,6
10,6
11,6
12,6
13,6
14,6
15,6
16,6
41,6
42,6
43,6
44,6
45,6
46,6
47,6
48,6
49,6
50,6
51,6
66,6
67,6
68,6
69,6
70,6
71,6
72,6
73,6
74,6
75,6
76,6
77,6
78,6
79,6
80,6
81,6
82,6
83,6
84,6
85,6
86,6
87,6
88,6
89,6
90,6
91,6
92,6
93,6
94,6
109,6
110,6
111,6
112,6
113,6
114,6
115,6
116,6
117,6
118,6
119,6
131,6
132,6
133,6
134,6
135,6
136,6
137,6
138,6
139,6
140,6
141,6
156,6
157,6
158,6
159,6
160,6
161,6
162,6
163,6
164,6
165,6
166,6
167,6
168,6
169,6
170,6
171,6
172,6
173,6
174,6
175,6
176,6
177,6
178,6
179,6
180,6
181,6
182,6
183,6
184,6
185,6
231,6
232,6
233,6
234,6
235,6
236,6
237,6
238,6
239,6
240,6
241,6
242,6
243,6
244,6
245,6
265,6
266,6
267,6
268,6
269,6
270,6
271,6
272,6
273,6
274,6
275,6
276,6
277,6
278,6
279,6
301,6
302,6
303,6
304,6
305,6
306,6
307,6
308,6
309,6
310,6
311,6
312,6
313,6
314,6
315,6
316,6
317,6
318,6
319,6
320,6
321,6
322,6
323,6
324,6
325,6
326,6
327,6
328,6
329,6
330,6
347,6
348,6
349,6
350,6
351,6
352,6
353,6
354,6
355,6
356,6
357,6
378,6
379,6
380,6
381,6
382,6
383,6
384,6
385,6
386,6
387,6
388,6
402,6
403,6
404,6
405,6
406,6
407,6
408,6
409,6
410,6
411,6
412,6
413,6
414,6
415,6
416,6
417,6
418,6
419,6
420,6
421,6
422,6
423,6
424,6
426,6
427,6
428,6
429,6
430,6
431,6
432,6
433,6
434,6
435,6
436,6
450,6
451,6
452,6
453,6
454,6
455,6
456,6
457,6
458,6
459,6
460,6
6,5
7,5
8,5
9,5
10,5
11,5
12,5
13,5
14,5
15,5
16,5
41,5
42,5
43,5
44,5
45,5
46,5
47,5
48,5
49,5
50,5
51,5
67,5
68,5
69,5
70,5
71,5
72,5
73,5
74,5
75,5
76,5
77,5
78,5
79,5
80,5
81,5
82,5
83,5
84,5
85,5
86,5
87,5
88,5
89,5
90,5
91,5
92,5
93,5
109,5
110,5
111,5
112,5
113,5
114,5
115,5
116,5
117,5
118,5
119,5
131,5
132,5
133,5
134,5
135,5
136,5
137,5
138,5
139,5
140,5
141,5
158,5
159,5
160,5
161,5
162,5
163,5
164,5
165,5
166,5
167,5
168,5
169,5
170,5
171,5
172,5
173,5
174,5
175,5
176,5
177,5
178,5
179,5
180,5
181,5
182,5
183,5
184,5
232,5
233,5
234,5
235,5
236,5
237,5
238,5
239,5
240,5
241,5
242,5
243,5
244,5
245,5
265,5
266,5
267,5
268,5
269,5
270,5
271,5
272,5
273,5
274,5
275,5
276,5
277,5
278,5
279,5
303,5
304,5
305,5
306,5
307,5
308,5
309,5
310,5
311,5
312,5
313,5
314,5
315,5
316,5
317,5
318,5
319,5
320,5
321,5
322,5
323,5
324,5
325,5
326,5
327,5
328,5
329,5
347,5
348,5
349,5
350,5
351,5
352,5
353,5
354,5
355,5
356,5
357,5
378,5
379,5
380,5
381,5
382,5
383,5
384,5
385,5
386,5
387,5
388,5
403,5
404,5
405,5
406,5
407,5
408,5
409,5
410,5
411,5
412,5
413,5
414,5
415,5
416,5
417,5
418,5
419,5
420,5
421,5
422,5
423,5
426,5
427,5
428,5
429,5
430,5
431,5
432,5
433,5
434,5
435,5
436,5
450,5
451,5
452,5
453,5
454,5
455,5
456,5
457,5
458,5
459,5
460,5
6,4
7,4
8,4
9,4
10,4
11,4
12,4
13,4
14,4
15,4
16,4
41,4
42,4
43,4
44,4
45,4
46,4
47,4
48,4
49,4
50,4
51,4
69,4
70,4
71,4
72,4
73,4
74,4
75,4
76,4
77,4
78,4
79,4
80,4
81,4
82,4
83,4
84,4
85,4
86,4
87,4
88,4
89,4
90,4
91,4
92,4
109,4
110,4
111,4
112,4
113,4
114,4
115,4
116,4
117,4
118,4
119,4
131,4
132,4
133,4
134,4
135,4
136,4
137,4
138,4
139,4
140,4
141,4
159,4
160,4
161,4
162,4
163,4
164,4
165,4
166,4
167,4
168,4
169,4
170,4
171,4
172,4
173,4
174,4
175,4
176,4
177,4
178,4
179,4
180,4
181,4
182,4
183,4
232,4
233,4
234,4
235,4
236,4
237,4
238,4
239,4
240,4
241,4
242,4
243,4
244,4
245,4
265,4
266,4
267,4
268,4
269,4
270,4
271,4
272,4
273,4
274,4
275,4
276,4
277,4
278,4
304,4
305,4
306,4
307,4
308,4
309,4
310,4
311,4
312,4
313,4
314,4
315,4
316,4
317,4
318,4
319,4
320,4
321,4
322,4
323,4
324,4
325,4
326,4
327,4
328,4
347,4
348,4
349,4
350,4
351,4
352,4
353,4
354,4
355,4
356,4
357,4
378,4
379,4
380,4
381,4
382,4
383,4
384,4
385,4
386,4
387,4
388,4
404,4
405,4
406,4
407,4
408,4
409,4
410,4
411,4
412,4
413,4
414,4
415,4
416,4
417,4
418,4
419,4
420,4
421,4
422,4
426,4
427,4
428,4
429,4
430,4
431,4
432,4
433,4
434,4
435,4
436,4
450,4
451,4
452,4
453,4
454,4
455,4
456,4
457,4
458,4
459,4
460,4
6,3
7,3
8,3
9,3
10,3
11,3
12,3
13,3
14,3
15,3
16,3
41,3
42,3
43,3
44,3
45,3
46,3
47,3
48,3
49,3
50,3
51,3
70,3
71,3
72,3
73,3
74,3
75,3
76,3
77,3
78,3
79,3
80,3
81,3
82,3
83,3
84,3
85,3
86,3
87,3
88,3
89,3
90,3
109,3
110,3
111,3
112,3
113,3
114,3
115,3
116,3
117,3
118,3
119,3
131,3
132,3
133,3
134,3
135,3
136,3
137,3
138,3
139,3
140,3
141,3
161,3
162,3
163,3
164,3
165,3
166,3
167,3
168,3
169,3
170,3
171,3
172,3
173,3
174,3
175,3
176,3
177,3
178,3
179,3
180,3
181,3
232,3
233,3
234,3
235,3
236,3
237,3
238,3
239,3
240,3
241,3
242,3
243,3
244,3
265,3
266,3
267,3
268,3
269,3
270,3
271,3
272,3
273,3
274,3
275,3
276,3
277,3
278,3
306,3
307,3
308,3
309,3
310,3
311,3
312,3
313,3
314,3
315,3
316,3
317,3
318,3
319,3
320,3
321,3
322,3
323,3
324,3
325,3
326,3
347,3
348,3
349,3
350,3
351,3
352,3
353,3
354,3
355,3
356,3
357,3
378,3
379,3
380,3
381,3
382,3
383,3
384,3
385,3
386,3
387,3
388,3
405,3
406,3
407,3
408,3
409,3
410,3
411,3
412,3
413,3
414,3
415,3
416,3
417,3
418,3
419,3
420,3
421,3
426,3
427,3
428,3
429,3
430,3
431,3
432,3
433,3
434,3
435,3
436,3
450,3
451,3
452,3
453,3
454,3
455,3
456,3
457,3
458,3
459,3
460,3
6,2
7,2
8,2
9,2
10,2
11,2
12,2
13,2
14,2
15,2
16,2
41,2
42,2
43,2
44,2
45,2
46,2
47,2
48,2
49,2
50,2
51,2
72,2
73,2
74,2
75,2
76,2
77,2
78,2
79,2
80,2
81,2
82,2
83,2
84,2
85,2
86,2
87,2
88,2
109,2
110,2
111,2
112,2
113,2
114,2
115,2
116,2
117,2
118,2
119,2
131,2
132,2
133,2
134,2
135,2
136,2
137,2
138,2
139,2
140,2
141,2
163,2
164,2
165,2
166,2
167,2
168,2
169,2
170,2
171,2
172,2
173,2
174,2
175,2
176,2
177,2
178,2
179,2
232,2
233,2
234,2
235,2
236,2
237,2
238,2
239,2
240,2
241,2
242,2
243,2
244,2
266,2
267,2
268,2
269,2
270,2
271,2
272,2
273,2
274,2
275,2
276,2
277,2
278,2
308,2
309,2
310,2
311,2
312,2
313,2
314,2
315,2
316,2
317,2
318,2
319,2
320,2
321,2
322,2
323,2
324,2
347,2
348,2
349,2
350,2
351,2
352,2
353,2
354,2
355,2
356,2
357,2
378,2
379,2
380,2
381,2
382,2
383,2
384,2
385,2
386,2
387,2
388,2
407,2
408,2
409,2
410,2
411,2
412,2
413,2
414,2
415,2
416,2
417,2
418,2
419,2
426,2
427,2
428,2
429,2
430,2
431,2
432,2
433,2
434,2
435,2
436,2
450,2
451,2
452,2
453,2
454,2
455,2
456,2
457,2
458,2
459,2
460,2
76,1
77,1
78,1
79,1
80,1
81,1
82,1
83,1
84,1
85,1
167,1
168,1
169,1
170,1
171,1
172,1
173,1
174,1
175,1
312,1
313,1
314,1
315,1
316,1
317,1
318,1
319,1
320,1
410,1
411,1
412,1
413,1
414,1
415,1
416,1